tradingTime,volume,price,side
2021-06-15T14:28:54,20000.0,52.0,S
2021-06-15T14:28:16,35500.0,52.0,S
2021-06-15T14:28:16,400.0,52.1,S
2021-06-15T14:28:16,9100.0,52.1,S
2021-06-15T14:28:16,12600.0,52.1,S
2021-06-15T14:28:16,1600.0,52.1,S
2021-06-15T14:28:16,800.0,52.1,S
2021-06-15T14:23:16,3200.0,52.1,S
2021-06-15T14:23:16,1800.0,52.1,S
2021-06-15T14:22:53,100.0,52.1,S
2021-06-15T14:22:17,100.0,52.1,S
2021-06-15T14:21:38,100.0,52.1,S
2021-06-15T14:21:08,500.0,52.1,S
2021-06-15T14:20:25,100.0,52.1,S
2021-06-15T14:17:19,100.0,52.1,S
2021-06-15T14:16:58,2000.0,52.2,B
2021-06-15T14:16:26,1000.0,52.1,S
2021-06-15T14:16:01,800.0,52.2,S
2021-06-15T14:15:59,3600.0,52.2,S
2021-06-15T14:15:59,100.0,52.2,S
2021-06-15T14:15:57,1000.0,52.2,S
2021-06-15T14:15:55,2000.0,52.1,S
2021-06-15T14:15:54,100.0,52.2,S
2021-06-15T14:15:48,2600.0,52.2,S
2021-06-15T14:15:48,1700.0,52.2,S
2021-06-15T14:15:48,900.0,52.2,S
2021-06-15T14:15:48,700.0,52.2,S
2021-06-15T14:15:48,1500.0,52.2,S
2021-06-15T14:15:48,4000.0,52.3,B
2021-06-15T14:15:46,3500.0,52.2,S
2021-06-15T14:15:46,100.0,52.2,S
2021-06-15T14:15:45,500.0,52.2,S
2021-06-15T14:15:45,1200.0,52.2,S
2021-06-15T14:15:41,6000.0,52.3,B
2021-06-15T14:15:29,400.0,52.3,B
2021-06-15T14:15:28,100.0,52.3,B
2021-06-15T14:15:28,600.0,52.3,B
2021-06-15T14:15:27,1200.0,52.3,B
2021-06-15T14:15:12,1200.0,52.2,S
2021-06-15T14:15:12,3200.0,52.2,S
2021-06-15T14:15:12,6700.0,52.2,S
2021-06-15T14:15:12,1200.0,52.2,S
2021-06-15T14:15:12,1200.0,52.2,S
2021-06-15T14:15:12,12100.0,52.2,S
2021-06-15T14:15:12,500.0,52.3,B
2021-06-15T14:15:09,500.0,52.2,S
2021-06-15T14:15:04,100.0,52.3,B
2021-06-15T14:15:03,700.0,52.3,B
2021-06-15T14:15:03,300.0,52.3,B
2021-06-15T14:15:00,1800.0,52.3,B
2021-06-15T14:15:00,1000.0,52.2,S
2021-06-15T14:14:59,2900.0,52.3,B
2021-06-15T14:14:59,900.0,52.3,B
2021-06-15T14:14:56,300.0,52.3,B
2021-06-15T14:14:55,3800.0,52.2,S
2021-06-15T14:14:52,1000.0,52.3,B
2021-06-15T14:14:52,200.0,52.2,S
2021-06-15T14:14:50,5000.0,52.3,B
2021-06-15T14:14:45,5000.0,52.3,B
2021-06-15T14:14:42,5000.0,52.3,B
2021-06-15T14:14:41,200.0,52.3,B
2021-06-15T14:14:38,5000.0,52.3,B
2021-06-15T14:14:35,5000.0,52.3,B
2021-06-15T14:14:33,4700.0,52.3,B
2021-06-15T14:14:30,8500.0,52.2,S
2021-06-15T14:14:13,4900.0,52.3,S
2021-06-15T14:14:00,600.0,52.4,B
2021-06-15T14:13:54,1000.0,52.4,B
2021-06-15T14:13:52,5000.0,52.2,S
2021-06-15T14:13:47,300.0,52.3,B
2021-06-15T14:13:47,200.0,52.3,B
2021-06-15T14:13:46,1000.0,52.2,S
2021-06-15T14:13:44,2000.0,52.4,B
2021-06-15T14:13:44,100.0,52.4,B
2021-06-15T14:13:38,4900.0,52.4,B
2021-06-15T14:13:38,10000.0,52.2,S
2021-06-15T14:13:36,5000.0,52.4,B
2021-06-15T14:13:35,900.0,52.3,B
2021-06-15T14:13:33,100.0,52.3,S
2021-06-15T14:13:31,300.0,52.3,S
2021-06-15T14:13:28,100.0,52.3,S
2021-06-15T14:13:25,500.0,52.3,S
2021-06-15T14:13:13,200.0,52.3,S
2021-06-15T14:13:12,4900.0,52.3,S
2021-06-15T14:13:11,4400.0,52.3,S
2021-06-15T14:13:04,100.0,52.4,B
2021-06-15T14:12:59,1000.0,52.3,S
2021-06-15T14:12:59,3000.0,52.3,S
2021-06-15T14:12:50,2000.0,52.3,S
2021-06-15T14:12:50,200.0,52.4,B
2021-06-15T14:12:45,4900.0,52.4,B
2021-06-15T14:12:44,400.0,52.4,B
2021-06-15T14:12:43,3000.0,52.4,B
2021-06-15T14:12:30,1700.0,52.3,S
2021-06-15T14:12:30,300.0,52.3,S
2021-06-15T14:12:30,200.0,52.4,S
2021-06-15T14:12:26,900.0,52.4,S
2021-06-15T14:12:23,6200.0,52.4,S
2021-06-15T14:12:22,1500.0,52.5,B
2021-06-15T14:12:18,100.0,52.5,B
2021-06-15T14:12:18,9900.0,52.5,B
2021-06-15T14:12:17,200.0,52.5,B
2021-06-15T14:12:17,1000.0,52.5,B
2021-06-15T14:12:14,5500.0,52.5,B
2021-06-15T14:12:13,1000.0,52.5,B
2021-06-15T14:12:09,200.0,52.5,B
2021-06-15T14:12:08,10000.0,52.5,B
2021-06-15T14:12:01,2000.0,52.5,B
2021-06-15T14:12:00,200.0,52.5,B
2021-06-15T14:11:59,1700.0,52.5,B
2021-06-15T14:11:59,600.0,52.5,B
2021-06-15T14:11:59,7700.0,52.5,B
2021-06-15T14:11:58,100.0,52.5,B
2021-06-15T14:11:56,100.0,52.5,B
2021-06-15T14:11:53,1000.0,52.5,B
2021-06-15T14:11:52,400.0,52.5,B
2021-06-15T14:11:51,500.0,52.5,B
2021-06-15T14:11:46,100.0,52.5,B
2021-06-15T14:11:46,2000.0,52.5,B
2021-06-15T14:11:41,500.0,52.5,B
2021-06-15T14:11:40,1000.0,52.5,B
2021-06-15T14:11:40,200.0,52.5,B
2021-06-15T14:11:36,100.0,52.5,B
2021-06-15T14:11:33,3400.0,52.5,B
2021-06-15T14:11:31,500.0,52.5,B
2021-06-15T14:11:29,200.0,52.5,B
2021-06-15T14:11:27,300.0,52.5,B
2021-06-15T14:11:24,10000.0,52.5,B
2021-06-15T14:11:09,2000.0,52.5,B
2021-06-15T14:11:06,100.0,52.6,B
2021-06-15T14:11:06,100.0,52.6,B
2021-06-15T14:11:05,700.0,52.5,B
2021-06-15T14:11:03,200.0,52.5,B
2021-06-15T14:11:01,100.0,52.5,B
2021-06-15T14:10:58,23900.0,52.5,B
2021-06-15T14:10:58,400.0,52.2,S
2021-06-15T14:10:50,200.0,52.4,S
2021-06-15T14:10:47,200.0,52.4,S
2021-06-15T14:10:47,2700.0,52.5,B
2021-06-15T14:10:47,2100.0,52.5,B
2021-06-15T14:10:46,7900.0,52.2,S
2021-06-15T14:10:46,4100.0,52.4,S
2021-06-15T14:10:45,1000.0,52.4,S
2021-06-15T14:10:45,100.0,52.5,B
2021-06-15T14:10:44,200.0,52.5,B
2021-06-15T14:10:43,4900.0,52.4,S
2021-06-15T14:10:43,3100.0,52.3,S
2021-06-15T14:10:41,1000.0,52.4,S
2021-06-15T14:10:38,1100.0,52.4,S
2021-06-15T14:10:38,400.0,52.3,S
2021-06-15T14:10:38,300.0,52.4,S
2021-06-15T14:10:37,2000.0,52.4,S
2021-06-15T14:10:28,3600.0,52.3,S
2021-06-15T14:10:28,100.0,52.8,B
2021-06-15T14:10:28,1500.0,52.8,B
2021-06-15T14:10:28,1000.0,52.8,B
2021-06-15T14:10:28,300.0,52.8,B
2021-06-15T14:10:28,2000.0,52.8,B
2021-06-15T14:10:28,5000.0,52.8,B
2021-06-15T14:10:28,1000.0,52.8,B
2021-06-15T14:10:28,1500.0,52.8,B
2021-06-15T14:10:28,10100.0,52.8,B
2021-06-15T14:10:28,2400.0,52.8,B
2021-06-15T14:10:28,2300.0,52.8,B
2021-06-15T14:10:28,500.0,52.8,B
2021-06-15T14:10:28,5100.0,52.8,B
2021-06-15T14:10:28,1600.0,52.8,B
2021-06-15T14:10:28,100.0,52.8,B
2021-06-15T14:10:27,10000.0,52.8,B
2021-06-15T14:10:27,23800.0,52.8,B
2021-06-15T14:10:27,58000.0,52.7,B
2021-06-15T14:10:27,1000.0,52.7,B
2021-06-15T14:10:26,10500.0,52.7,B
2021-06-15T14:10:26,9000.0,52.7,B
2021-06-15T14:10:26,200.0,52.7,B
2021-06-15T14:10:26,2800.0,52.7,B
2021-06-15T14:10:26,800.0,52.7,B
2021-06-15T14:10:26,3500.0,52.7,B
2021-06-15T14:10:26,6400.0,52.7,B
2021-06-15T14:10:26,20000.0,52.7,B
2021-06-15T14:10:25,1000.0,52.6,B
2021-06-15T14:10:25,3300.0,52.6,B
2021-06-15T14:10:25,700.0,52.6,B
2021-06-15T14:10:25,900.0,52.6,B
2021-06-15T14:10:25,1600.0,52.6,B
2021-06-15T14:10:25,10000.0,52.6,B
2021-06-15T14:10:25,8200.0,52.6,B
2021-06-15T14:10:25,100.0,52.6,B
2021-06-15T14:10:24,19900.0,52.6,B
2021-06-15T14:10:24,800.0,52.5,B
2021-06-15T14:10:24,1400.0,52.5,B
2021-06-15T14:10:24,200.0,52.5,B
2021-06-15T14:10:24,2800.0,52.5,B
2021-06-15T14:10:24,5200.0,52.5,B
2021-06-15T14:10:24,1000.0,52.5,B
2021-06-15T14:10:24,5000.0,52.5,B
2021-06-15T14:10:24,2000.0,52.5,B
2021-06-15T14:10:24,200.0,52.5,B
2021-06-15T14:10:24,14600.0,52.5,B
2021-06-15T14:10:24,1500.0,52.5,B
2021-06-15T14:10:24,500.0,52.5,B
2021-06-15T14:10:23,900.0,52.5,B
2021-06-15T14:10:23,1500.0,52.5,B
2021-06-15T14:10:23,19000.0,52.5,B
2021-06-15T14:10:22,100.0,52.3,S
2021-06-15T14:10:22,1200.0,52.3,S
2021-06-15T14:10:22,1400.0,52.3,S
2021-06-15T14:10:22,5000.0,52.3,S
2021-06-15T14:10:22,1400.0,52.3,S
2021-06-15T14:10:22,1300.0,52.3,S
2021-06-15T14:10:22,200.0,52.4,S
2021-06-15T14:10:22,400.0,52.4,S
2021-06-15T14:10:20,4800.0,52.5,B
2021-06-15T14:10:02,600.0,52.4,S
2021-06-15T14:10:00,200.0,52.4,S
2021-06-15T14:10:00,1000.0,52.5,B
2021-06-15T14:09:57,400.0,52.5,B
2021-06-15T14:09:56,2000.0,52.4,S
2021-06-15T14:09:55,800.0,52.4,S
2021-06-15T14:09:52,5000.0,52.4,S
2021-06-15T14:09:49,100.0,52.5,B
2021-06-15T14:09:48,4800.0,52.5,B
2021-06-15T14:09:45,300.0,52.5,B
2021-06-15T14:09:24,1900.0,52.4,S
2021-06-15T14:09:22,100.0,52.5,B
2021-06-15T14:09:20,500.0,52.5,B
2021-06-15T14:09:10,4800.0,52.5,B
2021-06-15T14:09:09,300.0,52.5,B
2021-06-15T14:09:07,1500.0,52.5,B
2021-06-15T14:09:06,1900.0,52.5,B
2021-06-15T14:08:56,1000.0,52.5,B
2021-06-15T14:08:52,100.0,52.5,B
2021-06-15T14:08:49,4800.0,52.5,B
2021-06-15T14:08:48,7000.0,52.4,S
2021-06-15T14:08:47,300.0,52.5,B
2021-06-15T14:08:46,200.0,52.5,B
2021-06-15T14:08:41,100.0,52.4,S
2021-06-15T14:08:32,400.0,52.5,B
2021-06-15T14:08:22,4800.0,52.5,B
2021-06-15T14:08:19,100.0,52.5,B
2021-06-15T14:08:17,100.0,52.5,B
2021-06-15T14:08:16,1600.0,52.5,B
2021-06-15T14:08:12,100.0,52.5,B
2021-06-15T14:08:03,1000.0,52.5,B
2021-06-15T14:08:01,100.0,52.5,B
2021-06-15T14:07:49,1000.0,52.5,B
2021-06-15T14:07:47,4800.0,52.5,B
2021-06-15T14:07:47,100.0,52.4,S
2021-06-15T14:07:42,100.0,52.5,B
2021-06-15T14:07:36,2000.0,52.5,B
2021-06-15T14:07:34,1500.0,52.4,S
2021-06-15T14:07:30,100.0,52.5,B
2021-06-15T14:07:27,100.0,52.5,B
2021-06-15T14:07:25,200.0,52.5,B
2021-06-15T14:07:24,5500.0,52.5,B
2021-06-15T14:07:24,4200.0,52.5,B
2021-06-15T14:07:21,500.0,52.5,B
2021-06-15T14:07:21,100.0,52.5,B
2021-06-15T14:07:16,200.0,52.5,B
2021-06-15T14:07:09,100.0,52.5,B
2021-06-15T14:07:09,2000.0,52.5,B
2021-06-15T14:07:04,5000.0,52.5,S
2021-06-15T14:07:02,200.0,52.5,S
2021-06-15T14:07:02,100.0,52.5,S
2021-06-15T14:07:02,3300.0,52.5,S
2021-06-15T14:07:02,5000.0,52.5,S
2021-06-15T14:07:01,14400.0,52.5,S
2021-06-15T14:07:01,300.0,52.6,B
2021-06-15T14:07:01,4000.0,52.6,B
2021-06-15T14:06:42,10000.0,52.6,B
2021-06-15T14:06:38,400.0,52.6,B
2021-06-15T14:06:35,800.0,52.6,B
2021-06-15T14:06:25,7300.0,52.6,B
2021-06-15T14:06:20,100.0,52.5,S
2021-06-15T14:06:19,200.0,52.5,S
2021-06-15T14:06:14,3500.0,52.5,S
2021-06-15T14:06:13,44000.0,52.5,S
2021-06-15T14:06:12,200.0,52.5,S
2021-06-15T14:06:07,500.0,52.5,S
2021-06-15T14:06:06,1000.0,52.6,B
2021-06-15T14:06:06,100.0,52.6,B
2021-06-15T14:05:58,1300.0,52.5,S
2021-06-15T14:05:56,200.0,52.6,B
2021-06-15T14:05:56,9300.0,52.6,B
2021-06-15T14:05:54,100.0,52.5,B
2021-06-15T14:05:52,2000.0,52.6,B
2021-06-15T14:05:47,2000.0,52.5,B
2021-06-15T14:05:45,500.0,52.5,B
2021-06-15T14:05:42,100.0,52.6,B
2021-06-15T14:05:38,200.0,52.5,B
2021-06-15T14:05:35,1000.0,52.6,B
2021-06-15T14:05:33,1500.0,52.5,B
2021-06-15T14:05:33,200.0,52.5,B
2021-06-15T14:05:28,4000.0,52.5,B
2021-06-15T14:05:25,900.0,52.5,B
2021-06-15T14:05:22,500.0,52.4,S
2021-06-15T14:05:21,1300.0,52.5,B
2021-06-15T14:05:21,500.0,52.5,B
2021-06-15T14:05:21,200.0,52.5,B
2021-06-15T14:05:20,1000.0,52.5,B
2021-06-15T14:05:19,3100.0,52.5,B
2021-06-15T14:05:18,100.0,52.5,B
2021-06-15T14:05:17,1000.0,52.5,B
2021-06-15T14:05:14,100.0,52.4,S
2021-06-15T14:05:12,900.0,52.5,B
2021-06-15T14:05:10,200.0,52.4,S
2021-06-15T14:05:10,1400.0,52.4,S
2021-06-15T14:05:10,3400.0,52.4,S
2021-06-15T14:05:10,3600.0,52.4,S
2021-06-15T14:05:10,2400.0,52.4,S
2021-06-15T14:05:09,5600.0,52.5,B
2021-06-15T14:05:08,4400.0,52.5,B
2021-06-15T14:05:07,300.0,52.5,B
2021-06-15T14:05:06,700.0,52.5,B
2021-06-15T14:05:04,100.0,52.5,B
2021-06-15T14:05:02,100.0,52.5,B
2021-06-15T14:05:02,100.0,52.5,B
2021-06-15T14:04:59,1000.0,52.5,B
2021-06-15T14:04:57,700.0,52.4,S
2021-06-15T14:04:56,600.0,52.5,B
2021-06-15T14:04:52,4400.0,52.5,B
2021-06-15T14:04:52,200.0,52.4,S
2021-06-15T14:04:52,600.0,52.5,B
2021-06-15T14:04:51,100.0,52.5,B
2021-06-15T14:04:49,3500.0,52.5,B
2021-06-15T14:04:46,200.0,52.4,S
2021-06-15T14:04:45,100.0,52.5,B
2021-06-15T14:04:45,2000.0,52.4,S
2021-06-15T14:04:39,100.0,52.5,B
2021-06-15T14:04:38,100.0,52.5,B
2021-06-15T14:04:37,1400.0,52.5,B
2021-06-15T14:04:36,200.0,52.5,B
2021-06-15T14:04:36,100.0,52.5,B
2021-06-15T14:04:19,200.0,52.4,S
2021-06-15T14:04:18,2000.0,52.5,B
2021-06-15T14:04:13,100.0,52.5,B
2021-06-15T14:03:58,37800.0,52.5,B
2021-06-15T14:03:58,1200.0,52.5,B
2021-06-15T14:03:58,3000.0,52.4,B
2021-06-15T14:03:57,200.0,52.3,B
2021-06-15T14:03:56,500.0,52.4,B
2021-06-15T14:03:53,400.0,52.3,B
2021-06-15T14:03:51,500.0,52.3,B
2021-06-15T14:03:51,1000.0,52.4,B
2021-06-15T14:03:46,1000.0,52.4,B
2021-06-15T14:03:35,4000.0,52.3,B
2021-06-15T14:03:32,500.0,52.4,B
2021-06-15T14:03:30,300.0,52.3,B
2021-06-15T14:03:30,2300.0,52.4,B
2021-06-15T14:03:29,300.0,52.4,B
2021-06-15T14:03:25,200.0,52.4,B
2021-06-15T14:03:17,3300.0,52.4,B
2021-06-15T14:03:16,1200.0,52.4,B
2021-06-15T14:03:15,100.0,52.4,B
2021-06-15T14:03:09,900.0,52.3,B
2021-06-15T14:03:09,700.0,52.3,B
2021-06-15T14:03:06,300.0,52.4,B
2021-06-15T14:03:04,4000.0,52.3,B
2021-06-15T14:03:02,600.0,52.4,B
2021-06-15T14:03:00,2300.0,52.4,B
2021-06-15T14:03:00,1000.0,52.4,B
2021-06-15T14:03:00,3100.0,52.4,B
2021-06-15T14:03:00,1200.0,52.4,B
2021-06-15T14:02:59,2400.0,52.4,B
2021-06-15T14:02:55,100.0,52.4,B
2021-06-15T14:02:55,1000.0,52.3,B
2021-06-15T14:02:53,100.0,52.4,B
2021-06-15T14:02:50,300.0,52.4,B
2021-06-15T14:02:48,200.0,52.3,B
2021-06-15T14:02:47,100.0,52.4,B
2021-06-15T14:02:45,700.0,52.4,B
2021-06-15T14:02:45,100.0,52.4,B
2021-06-15T14:02:44,1000.0,52.3,B
2021-06-15T14:02:38,200.0,52.3,B
2021-06-15T14:02:38,1200.0,52.3,B
2021-06-15T14:02:37,600.0,52.4,B
2021-06-15T14:02:24,1000.0,52.3,B
2021-06-15T14:02:21,1500.0,52.2,S
2021-06-15T14:02:17,1000.0,52.2,S
2021-06-15T14:02:16,3000.0,52.3,B
2021-06-15T14:02:09,800.0,52.3,B
2021-06-15T14:02:03,4000.0,52.2,B
2021-06-15T14:01:58,100.0,52.3,B
2021-06-15T14:01:57,4000.0,52.3,B
2021-06-15T14:01:41,400.0,52.2,B
2021-06-15T14:01:41,2500.0,52.2,B
2021-06-15T14:01:37,800.0,52.3,B
2021-06-15T14:01:30,1000.0,52.2,B
2021-06-15T14:01:27,900.0,52.2,B
2021-06-15T14:01:26,1000.0,52.2,B
2021-06-15T14:01:23,100.0,52.2,B
2021-06-15T14:01:19,3000.0,52.2,B
2021-06-15T14:01:18,800.0,52.3,B
2021-06-15T14:01:11,2200.0,52.2,B
2021-06-15T14:01:06,5200.0,52.2,B
2021-06-15T14:01:02,100.0,52.1,B
2021-06-15T14:01:01,300.0,52.2,B
2021-06-15T14:01:01,200.0,52.2,B
2021-06-15T14:00:59,200.0,52.1,B
2021-06-15T14:00:56,800.0,52.2,B
2021-06-15T14:00:56,200.0,52.2,B
2021-06-15T14:00:50,800.0,52.2,B
2021-06-15T14:00:47,500.0,52.0,B
2021-06-15T14:00:47,2500.0,52.0,B
2021-06-15T14:00:45,1100.0,52.1,B
2021-06-15T14:00:45,900.0,52.1,B
2021-06-15T14:00:45,100.0,52.0,B
2021-06-15T14:00:44,600.0,52.1,B
2021-06-15T14:00:44,500.0,52.1,B
2021-06-15T14:00:35,500.0,52.1,B
2021-06-15T14:00:33,400.0,52.1,B
2021-06-15T14:00:29,800.0,52.1,B
2021-06-15T14:00:26,800.0,52.0,B
2021-06-15T14:00:23,8000.0,52.1,B
2021-06-15T14:00:23,100.0,52.0,B
2021-06-15T14:00:22,3000.0,52.0,B
2021-06-15T14:00:20,5000.0,52.0,B
2021-06-15T14:00:19,1100.0,52.0,B
2021-06-15T14:00:19,100.0,52.0,B
2021-06-15T14:00:14,100.0,52.0,B
2021-06-15T14:00:13,5200.0,52.0,B
2021-06-15T14:00:11,300.0,52.0,B
2021-06-15T14:00:09,1000.0,52.0,B
2021-06-15T14:00:02,1000.0,52.0,B
2021-06-15T14:00:00,4000.0,52.0,B
2021-06-15T14:00:00,1500.0,52.0,B
2021-06-15T14:00:00,6700.0,52.0,B
2021-06-15T14:00:00,6600.0,52.0,B
2021-06-15T14:00:00,4800.0,52.0,B
2021-06-15T14:00:00,6400.0,52.0,B
2021-06-15T14:00:00,2000.0,52.0,B
2021-06-15T13:59:59,5200.0,52.0,B
2021-06-15T13:59:59,4300.0,52.0,B
2021-06-15T13:59:59,4000.0,52.0,B
2021-06-15T13:59:59,16800.0,52.0,B
2021-06-15T13:59:59,2600.0,52.0,B
2021-06-15T13:59:59,10600.0,52.0,B
2021-06-15T13:59:57,10000.0,51.9,S
2021-06-15T13:59:55,1200.0,52.0,B
2021-06-15T13:59:54,20000.0,52.0,B
2021-06-15T13:59:49,36900.0,52.0,B
2021-06-15T13:59:49,400.0,52.0,B
2021-06-15T13:59:49,1600.0,52.0,B
2021-06-15T13:59:49,2300.0,52.0,B
2021-06-15T13:59:49,6200.0,52.0,B
2021-06-15T13:59:47,100.0,52.0,B
2021-06-15T13:59:47,300.0,51.9,S
2021-06-15T13:59:45,100.0,52.0,B
2021-06-15T13:59:45,500.0,52.0,B
2021-06-15T13:59:44,2000.0,51.9,S
2021-06-15T13:59:43,3100.0,52.0,B
2021-06-15T13:59:43,400.0,52.0,B
2021-06-15T13:59:43,600.0,52.0,B
2021-06-15T13:59:42,2000.0,52.0,B
2021-06-15T13:59:41,10000.0,52.0,B
2021-06-15T13:59:38,1700.0,52.0,B
2021-06-15T13:59:38,4900.0,52.0,B
2021-06-15T13:59:37,4400.0,52.0,B
2021-06-15T13:59:35,1000.0,52.0,B
2021-06-15T13:59:29,100.0,51.9,S
2021-06-15T13:59:28,200.0,51.9,S
2021-06-15T13:59:24,5000.0,51.9,S
2021-06-15T13:59:20,300.0,52.0,B
2021-06-15T13:59:20,300.0,52.0,B
2021-06-15T13:59:20,2100.0,52.0,B
2021-06-15T13:59:20,600.0,52.0,B
2021-06-15T13:59:20,6700.0,52.0,B
2021-06-15T13:59:16,200.0,52.0,B
2021-06-15T13:59:14,3900.0,52.0,B
2021-06-15T13:59:13,100.0,52.0,B
2021-06-15T13:59:10,2100.0,52.0,B
2021-06-15T13:59:10,100.0,51.9,S
2021-06-15T13:59:07,5400.0,52.0,B
2021-06-15T13:59:00,1000.0,52.0,B
2021-06-15T13:58:58,3600.0,51.9,S
2021-06-15T13:58:56,100.0,51.9,S
2021-06-15T13:58:55,3000.0,52.0,B
2021-06-15T13:58:54,1000.0,51.9,S
2021-06-15T13:58:54,1000.0,51.9,S
2021-06-15T13:58:53,4200.0,52.0,B
2021-06-15T13:58:52,1000.0,51.9,S
2021-06-15T13:58:51,500.0,51.9,S
2021-06-15T13:58:50,6200.0,51.9,S
2021-06-15T13:58:50,2000.0,52.0,B
2021-06-15T13:58:49,2000.0,51.9,S
2021-06-15T13:58:47,100.0,51.9,S
2021-06-15T13:58:45,2000.0,52.0,B
2021-06-15T13:58:42,600.0,52.0,B
2021-06-15T13:58:41,10000.0,52.0,B
2021-06-15T13:58:35,4000.0,52.0,B
2021-06-15T13:58:35,200.0,52.0,B
2021-06-15T13:58:34,200.0,52.0,B
2021-06-15T13:58:31,1000.0,51.9,S
2021-06-15T13:58:23,100.0,51.9,S
2021-06-15T13:58:22,200.0,51.9,S
2021-06-15T13:58:21,100.0,51.9,S
2021-06-15T13:58:20,200.0,51.9,S
2021-06-15T13:58:18,4800.0,51.9,S
2021-06-15T13:58:16,4200.0,52.0,B
2021-06-15T13:58:15,3000.0,52.0,B
2021-06-15T13:58:15,500.0,51.9,S
2021-06-15T13:58:14,1000.0,51.9,S
2021-06-15T13:58:13,7500.0,52.0,B
2021-06-15T13:58:12,10000.0,51.9,S
2021-06-15T13:58:11,100.0,52.0,B
2021-06-15T13:58:06,300.0,52.0,B
2021-06-15T13:58:03,1000.0,51.9,S
2021-06-15T13:58:01,3800.0,51.9,S
2021-06-15T13:58:01,3200.0,51.9,S
2021-06-15T13:58:01,6900.0,51.9,S
2021-06-15T13:58:01,1100.0,51.9,S
2021-06-15T13:58:00,100.0,51.9,S
2021-06-15T13:58:00,1000.0,51.9,S
2021-06-15T13:57:55,4200.0,52.0,B
2021-06-15T13:57:46,200.0,51.9,S
2021-06-15T13:57:43,3000.0,52.0,B
2021-06-15T13:57:41,2500.0,51.9,S
2021-06-15T13:57:32,700.0,51.9,S
2021-06-15T13:57:23,3400.0,52.0,B
2021-06-15T13:57:23,800.0,51.9,S
2021-06-15T13:57:21,300.0,51.9,S
2021-06-15T13:57:20,4000.0,51.9,S
2021-06-15T13:57:20,500.0,51.9,S
2021-06-15T13:57:20,1900.0,51.9,S
2021-06-15T13:57:15,2000.0,51.9,S
2021-06-15T13:57:14,100.0,51.9,S
2021-06-15T13:57:14,1300.0,52.0,B
2021-06-15T13:57:11,2000.0,51.9,S
2021-06-15T13:57:11,600.0,51.9,S
2021-06-15T13:57:11,3200.0,51.9,S
2021-06-15T13:57:11,200.0,51.9,S
2021-06-15T13:57:09,18000.0,51.9,S
2021-06-15T13:57:06,400.0,51.9,S
2021-06-15T13:57:05,200.0,51.9,S
2021-06-15T13:57:04,3000.0,52.0,B
2021-06-15T13:56:58,10000.0,51.9,S
2021-06-15T13:56:54,2500.0,52.0,B
2021-06-15T13:56:54,500.0,52.0,B
2021-06-15T13:56:54,300.0,52.0,B
2021-06-15T13:56:54,1000.0,52.0,B
2021-06-15T13:56:52,4100.0,51.9,S
2021-06-15T13:56:52,200.0,51.9,S
2021-06-15T13:56:50,600.0,52.0,B
2021-06-15T13:56:44,500.0,51.9,S
2021-06-15T13:56:41,100.0,51.9,S
2021-06-15T13:56:39,2800.0,51.9,S
2021-06-15T13:56:38,500.0,51.8,S
2021-06-15T13:56:35,900.0,51.8,S
2021-06-15T13:56:34,200.0,51.9,S
2021-06-15T13:56:32,100.0,51.8,S
2021-06-15T13:56:32,4900.0,51.8,S
2021-06-15T13:56:31,800.0,52.0,B
2021-06-15T13:56:30,3500.0,52.0,B
2021-06-15T13:56:30,200.0,51.9,S
2021-06-15T13:56:28,500.0,51.9,S
2021-06-15T13:56:24,100.0,51.9,S
2021-06-15T13:56:24,500.0,51.8,S
2021-06-15T13:56:24,100.0,51.8,S
2021-06-15T13:56:22,1500.0,51.8,S
2021-06-15T13:56:22,100.0,51.9,S
2021-06-15T13:56:22,200.0,51.9,S
2021-06-15T13:56:22,1000.0,51.8,S
2021-06-15T13:56:22,100.0,51.9,S
2021-06-15T13:56:20,2700.0,51.9,S
2021-06-15T13:56:19,100.0,51.9,S
2021-06-15T13:56:19,1000.0,51.9,S
2021-06-15T13:56:15,3000.0,52.0,B
2021-06-15T13:56:15,1000.0,52.0,B
2021-06-15T13:56:15,1500.0,52.0,B
2021-06-15T13:56:14,8100.0,51.9,S
2021-06-15T13:56:14,300.0,51.9,S
2021-06-15T13:56:13,500.0,51.9,S
2021-06-15T13:56:13,100.0,51.9,S
2021-06-15T13:56:08,300.0,51.9,S
2021-06-15T13:56:08,100.0,51.9,S
2021-06-15T13:55:59,4800.0,51.9,S
2021-06-15T13:55:57,500.0,51.9,S
2021-06-15T13:55:57,900.0,51.9,S
2021-06-15T13:55:57,600.0,51.9,S
2021-06-15T13:55:56,500.0,51.9,S
2021-06-15T13:55:56,500.0,51.9,S
2021-06-15T13:55:54,20000.0,51.9,S
2021-06-15T13:55:53,4000.0,51.9,S
2021-06-15T13:55:52,1000.0,51.9,S
2021-06-15T13:55:52,1000.0,51.9,S
2021-06-15T13:55:51,100.0,51.9,S
2021-06-15T13:55:51,200.0,51.9,S
2021-06-15T13:55:50,500.0,51.9,S
2021-06-15T13:55:49,200.0,51.8,S
2021-06-15T13:55:48,2000.0,51.9,S
2021-06-15T13:55:47,300.0,51.9,S
2021-06-15T13:55:44,200.0,52.0,B
2021-06-15T13:55:44,100.0,52.0,B
2021-06-15T13:55:43,500.0,52.0,B
2021-06-15T13:55:42,4200.0,51.8,S
2021-06-15T13:55:42,200.0,51.9,S
2021-06-15T13:55:42,5000.0,51.9,S
2021-06-15T13:55:42,500.0,52.0,B
2021-06-15T13:55:42,100.0,52.0,B
2021-06-15T13:55:36,3000.0,52.0,B
2021-06-15T13:55:36,1700.0,52.0,B
2021-06-15T13:55:34,2700.0,52.0,B
2021-06-15T13:55:34,400.0,51.9,S
2021-06-15T13:55:34,1100.0,51.9,S
2021-06-15T13:55:34,1000.0,52.0,B
2021-06-15T13:55:31,100.0,51.9,S
2021-06-15T13:55:31,500.0,52.0,B
2021-06-15T13:55:31,500.0,52.0,B
2021-06-15T13:55:26,600.0,51.9,S
2021-06-15T13:55:26,1600.0,51.9,S
2021-06-15T13:55:26,200.0,51.9,S
2021-06-15T13:55:26,1500.0,51.9,S
2021-06-15T13:55:26,400.0,51.9,S
2021-06-15T13:55:26,800.0,51.9,S
2021-06-15T13:55:26,4900.0,51.9,S
2021-06-15T13:55:24,2000.0,51.9,S
2021-06-15T13:55:16,3000.0,51.9,S
2021-06-15T13:55:05,600.0,52.0,B
2021-06-15T13:55:05,2000.0,52.0,B
2021-06-15T13:55:05,1000.0,52.0,B
2021-06-15T13:55:05,300.0,52.0,B
2021-06-15T13:55:05,500.0,52.0,B
2021-06-15T13:55:04,3000.0,51.9,S
2021-06-15T13:54:57,100.0,52.0,B
2021-06-15T13:54:55,1000.0,52.0,B
2021-06-15T13:54:53,3200.0,51.9,S
2021-06-15T13:54:46,1200.0,51.9,S
2021-06-15T13:54:46,500.0,52.0,B
2021-06-15T13:54:46,1900.0,51.9,S
2021-06-15T13:54:44,1800.0,51.9,S
2021-06-15T13:54:40,2200.0,51.9,S
2021-06-15T13:54:39,4400.0,51.9,S
2021-06-15T13:54:36,200.0,51.9,S
2021-06-15T13:54:35,1000.0,51.9,S
2021-06-15T13:54:35,300.0,51.9,S
2021-06-15T13:54:34,900.0,51.9,S
2021-06-15T13:54:34,11000.0,51.9,S
2021-06-15T13:54:34,500.0,51.9,S
2021-06-15T13:54:34,3700.0,51.9,S
2021-06-15T13:54:34,1300.0,51.9,S
2021-06-15T13:54:34,600.0,51.9,S
2021-06-15T13:54:34,300.0,51.9,S
2021-06-15T13:54:34,2100.0,51.9,S
2021-06-15T13:54:29,500.0,52.0,B
2021-06-15T13:54:16,200.0,52.0,B
2021-06-15T13:54:16,100.0,52.0,B
2021-06-15T13:54:14,1500.0,52.0,B
2021-06-15T13:54:14,500.0,51.9,S
2021-06-15T13:54:13,200.0,52.0,B
2021-06-15T13:54:09,4400.0,52.0,B
2021-06-15T13:54:08,5000.0,51.9,S
2021-06-15T13:54:06,200.0,51.9,S
2021-06-15T13:53:58,800.0,51.9,S
2021-06-15T13:53:57,3200.0,51.9,S
2021-06-15T13:53:56,100.0,51.9,S
2021-06-15T13:53:50,1000.0,51.9,S
2021-06-15T13:53:48,1000.0,52.0,B
2021-06-15T13:53:46,400.0,52.0,B
2021-06-15T13:53:46,700.0,52.0,B
2021-06-15T13:53:46,800.0,52.0,B
2021-06-15T13:53:45,1200.0,52.0,B
2021-06-15T13:53:45,1400.0,52.0,B
2021-06-15T13:53:44,1000.0,51.9,S
2021-06-15T13:53:44,10000.0,51.9,S
2021-06-15T13:53:38,500.0,52.0,B
2021-06-15T13:53:28,2000.0,51.9,S
2021-06-15T13:53:27,300.0,52.0,B
2021-06-15T13:53:24,600.0,51.9,S
2021-06-15T13:53:22,200.0,51.9,S
2021-06-15T13:53:22,400.0,51.9,S
2021-06-15T13:53:18,300.0,51.9,S
2021-06-15T13:53:18,9700.0,51.9,S
2021-06-15T13:53:16,500.0,52.0,B
2021-06-15T13:53:14,200.0,51.9,S
2021-06-15T13:53:13,4600.0,52.0,B
2021-06-15T13:53:06,1000.0,52.0,B
2021-06-15T13:53:04,3000.0,52.0,B
2021-06-15T13:53:03,3000.0,52.0,B
2021-06-15T13:53:00,100.0,51.9,S
2021-06-15T13:52:57,100.0,52.0,B
2021-06-15T13:52:57,8000.0,51.7,S
2021-06-15T13:52:56,1700.0,51.7,S
2021-06-15T13:52:56,1900.0,51.7,S
2021-06-15T13:52:56,7000.0,51.7,S
2021-06-15T13:52:56,2100.0,51.8,S
2021-06-15T13:52:56,1100.0,51.8,S
2021-06-15T13:52:56,200.0,51.8,S
2021-06-15T13:52:55,300.0,51.8,S
2021-06-15T13:52:55,900.0,51.8,S
2021-06-15T13:52:55,1400.0,51.8,S
2021-06-15T13:52:55,5000.0,51.8,S
2021-06-15T13:52:55,1500.0,51.8,S
2021-06-15T13:52:55,5700.0,51.8,S
2021-06-15T13:52:55,3000.0,51.8,S
2021-06-15T13:52:55,7000.0,51.8,S
2021-06-15T13:52:55,500.0,51.8,S
2021-06-15T13:52:55,2700.0,51.8,S
2021-06-15T13:52:54,600.0,51.8,S
2021-06-15T13:52:54,5100.0,51.8,S
2021-06-15T13:52:54,1000.0,51.8,S
2021-06-15T13:52:54,2100.0,51.8,S
2021-06-15T13:52:54,5700.0,51.8,S
2021-06-15T13:52:54,300.0,51.8,S
2021-06-15T13:52:54,600.0,51.8,S
2021-06-15T13:52:54,2000.0,51.8,S
2021-06-15T13:52:53,700.0,51.8,S
2021-06-15T13:52:53,500.0,51.8,S
2021-06-15T13:52:53,1300.0,51.8,S
2021-06-15T13:52:53,100.0,51.8,S
2021-06-15T13:52:53,1200.0,51.8,S
2021-06-15T13:52:53,4000.0,51.8,S
2021-06-15T13:52:53,1000.0,51.8,S
2021-06-15T13:52:53,200.0,51.8,S
2021-06-15T13:52:53,100.0,51.8,S
2021-06-15T13:52:53,1300.0,51.8,S
2021-06-15T13:52:53,600.0,51.8,S
2021-06-15T13:52:53,2300.0,51.8,S
2021-06-15T13:52:53,1200.0,51.8,S
2021-06-15T13:52:53,600.0,51.8,S
2021-06-15T13:52:53,4400.0,51.8,S
2021-06-15T13:52:53,4600.0,51.8,S
2021-06-15T13:52:53,1600.0,51.8,S
2021-06-15T13:52:52,1500.0,51.8,S
2021-06-15T13:52:52,1400.0,51.8,S
2021-06-15T13:52:52,500.0,51.8,S
2021-06-15T13:52:52,1100.0,51.8,S
2021-06-15T13:52:52,2400.0,51.8,S
2021-06-15T13:52:51,5100.0,52.0,B
2021-06-15T13:52:49,100.0,51.9,S
2021-06-15T13:52:49,1600.0,51.9,S
2021-06-15T13:52:49,2500.0,51.9,S
2021-06-15T13:52:49,3100.0,51.9,S
2021-06-15T13:52:49,1100.0,51.9,S
2021-06-15T13:52:49,700.0,51.9,S
2021-06-15T13:52:45,100.0,51.9,S
2021-06-15T13:52:45,1300.0,52.0,B
2021-06-15T13:52:44,3000.0,51.9,S
2021-06-15T13:52:43,5900.0,51.9,S
2021-06-15T13:52:42,3000.0,51.9,S
2021-06-15T13:52:40,1000.0,52.0,B
2021-06-15T13:52:40,5500.0,52.0,B
2021-06-15T13:52:39,100.0,51.9,S
2021-06-15T13:52:37,5000.0,52.0,B
2021-06-15T13:52:35,1800.0,52.0,B
2021-06-15T13:52:35,600.0,52.0,B
2021-06-15T13:52:35,3600.0,52.0,B
2021-06-15T13:52:35,600.0,52.0,B
2021-06-15T13:52:34,3000.0,51.9,S
2021-06-15T13:52:31,900.0,51.9,S
2021-06-15T13:52:30,200.0,51.9,S
2021-06-15T13:52:30,900.0,51.9,S
2021-06-15T13:52:30,2000.0,51.9,S
2021-06-15T13:52:29,200.0,51.9,S
2021-06-15T13:52:29,600.0,51.9,S
2021-06-15T13:52:29,100.0,51.9,S
2021-06-15T13:52:29,2100.0,51.9,S
2021-06-15T13:52:29,200.0,51.9,S
2021-06-15T13:52:29,10800.0,51.9,S
2021-06-15T13:52:29,1400.0,51.9,S
2021-06-15T13:52:29,12700.0,51.9,S
2021-06-15T13:52:25,2800.0,51.9,S
2021-06-15T13:52:24,500.0,52.0,B
2021-06-15T13:52:24,500.0,51.9,S
2021-06-15T13:52:23,700.0,52.0,B
2021-06-15T13:52:21,4900.0,52.0,B
2021-06-15T13:52:19,2000.0,51.9,S
2021-06-15T13:52:18,4500.0,52.0,B
2021-06-15T13:52:18,2700.0,51.9,S
2021-06-15T13:52:18,3900.0,51.9,S
2021-06-15T13:52:18,300.0,51.9,S
2021-06-15T13:52:18,1300.0,51.9,S
2021-06-15T13:52:18,1000.0,51.9,S
2021-06-15T13:52:17,800.0,51.9,S
2021-06-15T13:52:15,2600.0,51.9,S
2021-06-15T13:52:15,6600.0,51.9,S
2021-06-15T13:52:15,2100.0,51.9,S
2021-06-15T13:52:14,300.0,52.0,B
2021-06-15T13:52:11,2000.0,51.9,S
2021-06-15T13:52:08,1500.0,51.9,S
2021-06-15T13:52:06,200.0,52.0,B
2021-06-15T13:52:05,100.0,51.9,S
2021-06-15T13:52:04,1700.0,51.9,S
2021-06-15T13:52:04,1900.0,51.9,S
2021-06-15T13:52:00,4500.0,52.0,B
2021-06-15T13:51:59,2000.0,52.0,B
2021-06-15T13:51:54,100.0,52.0,B
2021-06-15T13:51:53,500.0,52.0,B
2021-06-15T13:51:46,300.0,52.0,B
2021-06-15T13:51:45,1000.0,51.9,S
2021-06-15T13:51:44,100.0,52.0,B
2021-06-15T13:51:44,100.0,52.0,B
2021-06-15T13:51:43,700.0,52.0,B
2021-06-15T13:51:42,200.0,52.0,B
2021-06-15T13:51:42,500.0,52.0,B
2021-06-15T13:51:38,900.0,51.9,S
2021-06-15T13:51:36,1000.0,52.0,B
2021-06-15T13:51:35,1800.0,52.0,B
2021-06-15T13:51:35,100.0,51.9,S
2021-06-15T13:51:34,4500.0,52.0,B
2021-06-15T13:51:33,100.0,52.0,B
2021-06-15T13:51:30,400.0,52.0,B
2021-06-15T13:51:27,500.0,51.9,S
2021-06-15T13:51:27,2000.0,52.0,B
2021-06-15T13:51:24,4500.0,51.9,S
2021-06-15T13:51:21,100.0,52.0,B
2021-06-15T13:51:19,1700.0,51.9,S
2021-06-15T13:51:19,3300.0,51.9,S
2021-06-15T13:51:19,1000.0,52.0,B
2021-06-15T13:51:18,500.0,52.0,B
2021-06-15T13:51:08,100.0,52.0,B
2021-06-15T13:51:05,700.0,52.0,B
2021-06-15T13:51:04,2000.0,52.0,B
2021-06-15T13:51:03,100.0,52.0,B
2021-06-15T13:51:00,4500.0,52.0,B
2021-06-15T13:50:59,2800.0,51.9,S
2021-06-15T13:50:59,2200.0,51.9,S
2021-06-15T13:50:55,2000.0,52.0,B
2021-06-15T13:50:53,200.0,52.0,B
2021-06-15T13:50:45,2000.0,52.0,B
2021-06-15T13:50:43,1500.0,51.9,S
2021-06-15T13:50:43,1000.0,52.0,B
2021-06-15T13:50:38,600.0,52.0,B
2021-06-15T13:50:35,1300.0,52.0,B
2021-06-15T13:50:33,700.0,52.0,B
2021-06-15T13:50:32,3400.0,52.0,B
2021-06-15T13:50:31,1100.0,52.0,B
2021-06-15T13:50:31,300.0,52.0,B
2021-06-15T13:50:31,200.0,52.0,B
2021-06-15T13:50:29,2400.0,51.9,S
2021-06-15T13:50:25,100.0,52.0,B
2021-06-15T13:50:23,1000.0,52.0,B
2021-06-15T13:50:23,200.0,51.9,S
2021-06-15T13:50:21,1900.0,51.9,S
2021-06-15T13:50:21,600.0,51.9,S
2021-06-15T13:50:21,400.0,51.9,S
2021-06-15T13:50:21,1500.0,51.9,S
2021-06-15T13:50:21,3600.0,51.9,S
2021-06-15T13:50:21,4100.0,52.0,B
2021-06-15T13:50:17,5000.0,52.0,B
2021-06-15T13:50:15,1000.0,51.9,S
2021-06-15T13:50:13,2000.0,51.9,S
2021-06-15T13:50:13,4500.0,52.0,B
2021-06-15T13:50:11,100.0,52.0,B
2021-06-15T13:49:49,2000.0,52.0,B
2021-06-15T13:49:47,600.0,52.0,B
2021-06-15T13:49:44,3000.0,52.0,B
2021-06-15T13:49:41,1000.0,51.9,S
2021-06-15T13:49:41,1000.0,52.0,B
2021-06-15T13:49:40,2000.0,52.0,B
2021-06-15T13:49:28,100.0,51.9,S
2021-06-15T13:49:27,100.0,52.0,B
2021-06-15T13:49:25,400.0,52.0,B
2021-06-15T13:49:25,4500.0,52.0,B
2021-06-15T13:49:24,1000.0,52.0,B
2021-06-15T13:49:22,500.0,51.9,S
2021-06-15T13:49:22,1000.0,52.0,B
2021-06-15T13:49:22,2000.0,52.0,B
2021-06-15T13:49:22,300.0,51.9,S
2021-06-15T13:49:22,500.0,51.9,S
2021-06-15T13:49:21,5100.0,51.9,S
2021-06-15T13:49:21,1600.0,51.9,S
2021-06-15T13:49:21,2000.0,51.9,S
2021-06-15T13:49:21,500.0,51.9,S
2021-06-15T13:49:19,500.0,52.0,B
2021-06-15T13:49:18,1000.0,52.0,B
2021-06-15T13:49:15,500.0,52.0,B
2021-06-15T13:49:09,2000.0,52.0,B
2021-06-15T13:49:07,1000.0,52.0,B
2021-06-15T13:49:04,10000.0,52.0,B
2021-06-15T13:49:03,200.0,52.0,S
2021-06-15T13:49:01,400.0,52.0,S
2021-06-15T13:49:00,400.0,52.0,S
2021-06-15T13:48:59,500.0,51.9,S
2021-06-15T13:48:58,1000.0,52.0,S
2021-06-15T13:48:56,5000.0,52.0,S
2021-06-15T13:48:55,200.0,51.9,S
2021-06-15T13:48:55,800.0,51.9,S
2021-06-15T13:48:54,4600.0,52.0,S
2021-06-15T13:48:53,100.0,52.0,S
2021-06-15T13:48:53,300.0,52.0,S
2021-06-15T13:48:50,1500.0,52.0,S
2021-06-15T13:48:49,300.0,52.0,S
2021-06-15T13:48:49,100.0,52.0,S
2021-06-15T13:48:45,3800.0,52.0,S
2021-06-15T13:48:44,200.0,52.0,S
2021-06-15T13:48:43,1000.0,52.0,S
2021-06-15T13:48:43,100.0,52.0,S
2021-06-15T13:48:42,100.0,52.0,S
2021-06-15T13:48:41,200.0,52.0,S
2021-06-15T13:48:39,100.0,52.0,S
2021-06-15T13:48:38,300.0,51.9,S
2021-06-15T13:48:37,200.0,52.0,S
2021-06-15T13:48:37,2300.0,52.0,S
2021-06-15T13:48:37,1300.0,52.0,S
2021-06-15T13:48:36,300.0,52.0,S
2021-06-15T13:48:35,100.0,52.0,S
2021-06-15T13:48:32,5000.0,52.0,S
2021-06-15T13:48:30,3300.0,52.0,S
2021-06-15T13:48:30,1300.0,52.0,S
2021-06-15T13:48:28,100.0,52.0,S
2021-06-15T13:48:28,1000.0,52.0,S
2021-06-15T13:48:25,3000.0,52.0,S
2021-06-15T13:48:25,2000.0,52.0,S
2021-06-15T13:48:24,1000.0,52.0,S
2021-06-15T13:48:24,2000.0,52.0,S
2021-06-15T13:48:22,3400.0,52.0,S
2021-06-15T13:48:21,500.0,52.0,S
2021-06-15T13:48:21,100.0,52.0,S
2021-06-15T13:48:21,200.0,52.0,S
2021-06-15T13:48:17,6000.0,52.0,S
2021-06-15T13:48:15,5000.0,52.0,S
2021-06-15T13:48:14,500.0,52.0,S
2021-06-15T13:48:11,100.0,52.0,S
2021-06-15T13:48:10,300.0,52.0,S
2021-06-15T13:48:04,1300.0,52.0,S
2021-06-15T13:48:04,100.0,52.0,S
2021-06-15T13:48:04,200.0,52.0,S
2021-06-15T13:48:04,1600.0,52.0,S
2021-06-15T13:48:04,5000.0,52.0,S
2021-06-15T13:48:02,6200.0,52.0,S
2021-06-15T13:48:02,44700.0,52.0,S
2021-06-15T13:48:01,4600.0,52.1,B
2021-06-15T13:47:56,500.0,52.0,S
2021-06-15T13:47:50,3100.0,52.1,B
2021-06-15T13:47:50,8900.0,52.1,B
2021-06-15T13:47:47,800.0,52.0,S
2021-06-15T13:47:46,3700.0,52.0,S
2021-06-15T13:47:44,3800.0,52.0,S
2021-06-15T13:47:39,4000.0,52.0,S
2021-06-15T13:47:33,500.0,52.0,S
2021-06-15T13:47:33,2300.0,52.1,B
2021-06-15T13:47:33,2500.0,52.1,B
2021-06-15T13:47:30,100.0,52.1,B
2021-06-15T13:47:28,200.0,52.0,S
2021-06-15T13:47:25,1000.0,52.1,B
2021-06-15T13:47:25,8700.0,52.1,B
2021-06-15T13:47:23,600.0,51.9,S
2021-06-15T13:47:23,9400.0,52.0,S
2021-06-15T13:47:23,3000.0,52.0,S
2021-06-15T13:47:19,300.0,52.0,S
2021-06-15T13:47:19,1700.0,52.1,B
2021-06-15T13:47:17,200.0,52.0,S
2021-06-15T13:47:17,1000.0,52.0,S
2021-06-15T13:47:17,30000.0,52.0,S
2021-06-15T13:47:17,26700.0,52.0,S
2021-06-15T13:47:17,400.0,52.0,S
2021-06-15T13:47:16,100.0,52.0,S
2021-06-15T13:47:16,100.0,52.0,S
2021-06-15T13:47:16,4000.0,52.0,S
2021-06-15T13:47:15,500.0,52.0,S
2021-06-15T13:47:14,200.0,52.0,S
2021-06-15T13:47:13,3400.0,51.9,S
2021-06-15T13:47:13,1100.0,51.9,S
2021-06-15T13:47:13,500.0,51.9,S
2021-06-15T13:47:12,1000.0,52.0,S
2021-06-15T13:47:11,1900.0,51.9,S
2021-06-15T13:47:10,1300.0,52.0,S
2021-06-15T13:47:10,6000.0,52.0,S
2021-06-15T13:47:09,5800.0,52.0,S
2021-06-15T13:47:08,500.0,52.0,S
2021-06-15T13:47:07,1100.0,52.0,S
2021-06-15T13:47:06,100.0,52.0,S
2021-06-15T13:47:06,100.0,52.0,S
2021-06-15T13:47:05,1000.0,52.0,S
2021-06-15T13:47:04,100.0,52.0,S
2021-06-15T13:47:04,100.0,52.0,S
2021-06-15T13:47:03,2700.0,52.0,S
2021-06-15T13:47:03,1200.0,52.0,S
2021-06-15T13:47:03,100.0,52.0,S
2021-06-15T13:47:03,500.0,51.9,S
2021-06-15T13:47:02,1000.0,52.0,S
2021-06-15T13:47:00,100.0,52.0,S
2021-06-15T13:46:58,300.0,52.0,S
2021-06-15T13:46:58,500.0,52.0,S
2021-06-15T13:46:58,2200.0,52.0,S
2021-06-15T13:46:58,1100.0,52.0,S
2021-06-15T13:46:57,4700.0,52.0,S
2021-06-15T13:46:57,1300.0,52.0,S
2021-06-15T13:46:57,1100.0,52.0,S
2021-06-15T13:46:57,900.0,52.0,S
2021-06-15T13:46:57,1700.0,52.0,S
2021-06-15T13:46:55,800.0,52.0,S
2021-06-15T13:46:55,500.0,52.0,S
2021-06-15T13:46:55,6800.0,52.0,S
2021-06-15T13:46:55,21900.0,52.0,S
2021-06-15T13:46:55,2000.0,52.0,S
2021-06-15T13:46:54,30000.0,52.0,S
2021-06-15T13:46:50,100.0,52.1,B
2021-06-15T13:46:49,46400.0,52.0,S
2021-06-15T13:46:46,5000.0,52.0,S
2021-06-15T13:46:45,4800.0,52.1,B
2021-06-15T13:46:44,2000.0,52.1,B
2021-06-15T13:46:43,400.0,52.0,S
2021-06-15T13:46:43,1000.0,52.0,S
2021-06-15T13:46:41,10000.0,52.0,S
2021-06-15T13:46:40,200.0,52.1,B
2021-06-15T13:46:38,4700.0,52.0,S
2021-06-15T13:46:38,45400.0,52.0,S
2021-06-15T13:46:35,1200.0,52.0,S
2021-06-15T13:46:32,1000.0,52.1,B
2021-06-15T13:46:31,5000.0,52.0,S
2021-06-15T13:46:28,1200.0,52.1,B
2021-06-15T13:46:25,1000.0,52.0,S
2021-06-15T13:46:23,24400.0,52.0,S
2021-06-15T13:46:23,600.0,52.1,S
2021-06-15T13:46:19,10000.0,52.0,S
2021-06-15T13:46:18,4800.0,52.1,S
2021-06-15T13:46:17,24700.0,52.0,S
2021-06-15T13:46:17,200.0,52.0,S
2021-06-15T13:46:17,200.0,52.0,S
2021-06-15T13:46:17,4300.0,52.0,S
2021-06-15T13:46:17,3000.0,52.0,S
2021-06-15T13:46:17,1500.0,52.0,S
2021-06-15T13:46:17,1700.0,52.0,S
2021-06-15T13:46:17,2000.0,52.0,S
2021-06-15T13:46:17,12700.0,52.0,S
2021-06-15T13:46:16,500.0,52.1,S
2021-06-15T13:46:15,100.0,52.1,S
2021-06-15T13:46:14,700.0,52.1,S
2021-06-15T13:46:14,3000.0,52.1,S
2021-06-15T13:46:13,1300.0,52.1,S
2021-06-15T13:46:13,600.0,52.1,S
2021-06-15T13:46:12,1300.0,52.0,S
2021-06-15T13:46:04,5000.0,52.1,S
2021-06-15T13:46:02,7100.0,52.0,S
2021-06-15T13:46:02,400.0,52.0,S
2021-06-15T13:46:02,200.0,52.0,S
2021-06-15T13:46:02,300.0,52.0,S
2021-06-15T13:46:02,10400.0,52.0,S
2021-06-15T13:46:02,4400.0,52.0,S
2021-06-15T13:46:01,200.0,52.0,S
2021-06-15T13:45:56,500.0,52.1,S
2021-06-15T13:45:54,200.0,52.1,S
2021-06-15T13:45:54,1200.0,52.1,S
2021-06-15T13:45:49,5100.0,52.1,S
2021-06-15T13:45:47,800.0,52.0,S
2021-06-15T13:45:42,3000.0,52.1,S
2021-06-15T13:45:39,500.0,52.1,S
2021-06-15T13:45:35,2300.0,52.1,S
2021-06-15T13:45:34,500.0,52.1,S
2021-06-15T13:45:29,300.0,52.2,S
2021-06-15T13:45:28,4000.0,52.0,S
2021-06-15T13:45:28,11500.0,52.0,S
2021-06-15T13:45:28,3000.0,52.0,S
2021-06-15T13:45:28,13100.0,52.0,S
2021-06-15T13:45:28,2200.0,52.0,S
2021-06-15T13:45:27,10600.0,52.0,S
2021-06-15T13:45:27,600.0,52.0,S
2021-06-15T13:45:27,21500.0,52.0,S
2021-06-15T13:45:27,1200.0,52.0,S
2021-06-15T13:45:27,1700.0,52.0,S
2021-06-15T13:45:27,1500.0,52.0,S
2021-06-15T13:45:27,1100.0,52.0,S
2021-06-15T13:45:27,300.0,52.0,S
2021-06-15T13:45:27,800.0,52.0,S
2021-06-15T13:45:27,3100.0,52.0,S
2021-06-15T13:45:27,300.0,52.0,S
2021-06-15T13:45:27,24500.0,52.0,S
2021-06-15T13:45:27,1200.0,52.0,S
2021-06-15T13:45:25,500.0,52.0,S
2021-06-15T13:45:25,500.0,52.0,S
2021-06-15T13:45:25,2600.0,52.0,S
2021-06-15T13:45:25,300.0,52.0,S
2021-06-15T13:45:25,600.0,52.0,S
2021-06-15T13:45:25,6800.0,52.0,S
2021-06-15T13:45:25,600.0,52.0,S
2021-06-15T13:45:25,22100.0,52.0,S
2021-06-15T13:45:25,11000.0,52.0,S
2021-06-15T13:45:25,2600.0,52.0,S
2021-06-15T13:45:25,1000.0,52.0,S
2021-06-15T13:45:25,500.0,52.0,S
2021-06-15T13:45:25,1000.0,52.0,S
2021-06-15T13:45:25,5300.0,52.0,S
2021-06-15T13:45:25,300.0,52.0,S
2021-06-15T13:45:25,2800.0,52.0,S
2021-06-15T13:45:25,2700.0,52.0,S
2021-06-15T13:45:25,200.0,52.0,S
2021-06-15T13:45:25,1100.0,52.0,S
2021-06-15T13:45:25,2000.0,52.0,S
2021-06-15T13:45:25,12300.0,52.0,S
2021-06-15T13:45:25,5500.0,52.0,S
2021-06-15T13:45:25,1300.0,52.0,S
2021-06-15T13:45:25,400.0,52.0,S
2021-06-15T13:45:25,52200.0,52.0,S
2021-06-15T13:45:25,10200.0,52.0,S
2021-06-15T13:45:25,1300.0,52.0,S
2021-06-15T13:45:25,200.0,52.0,S
2021-06-15T13:45:25,2300.0,52.0,S
2021-06-15T13:45:25,3100.0,52.0,S
2021-06-15T13:45:25,1700.0,52.0,S
2021-06-15T13:45:25,1100.0,52.0,S
2021-06-15T13:45:25,9100.0,52.0,S
2021-06-15T13:45:25,15200.0,52.0,S
2021-06-15T13:45:25,1300.0,52.0,S
2021-06-15T13:45:25,2900.0,52.0,S
2021-06-15T13:45:25,100.0,52.0,S
2021-06-15T13:45:24,400.0,52.0,S
2021-06-15T13:45:24,400.0,52.0,S
2021-06-15T13:45:24,400.0,52.0,S
2021-06-15T13:45:24,12100.0,52.0,S
2021-06-15T13:45:24,1000.0,52.0,S
2021-06-15T13:45:24,1600.0,52.0,S
2021-06-15T13:45:24,18300.0,52.0,S
2021-06-15T13:45:24,800.0,52.1,S
2021-06-15T13:45:24,1700.0,52.1,S
2021-06-15T13:45:24,7400.0,52.1,S
2021-06-15T13:45:24,1200.0,52.1,S
2021-06-15T13:45:24,2000.0,52.1,S
2021-06-15T13:45:24,3300.0,52.1,S
2021-06-15T13:45:24,1100.0,52.1,S
2021-06-15T13:45:23,11400.0,52.1,S
2021-06-15T13:45:21,2200.0,52.2,S
2021-06-15T13:45:20,2900.0,52.2,S
2021-06-15T13:45:19,500.0,52.2,S
2021-06-15T13:45:16,3000.0,52.2,S
2021-06-15T13:45:04,1100.0,52.2,S
2021-06-15T13:45:04,3900.0,52.2,S
2021-06-15T13:44:53,200.0,52.2,S
2021-06-15T13:44:53,5100.0,52.2,S
2021-06-15T13:44:49,5300.0,52.2,S
2021-06-15T13:44:49,3000.0,52.2,S
2021-06-15T13:44:47,300.0,52.2,S
2021-06-15T13:44:43,100.0,52.2,S
2021-06-15T13:44:38,100.0,52.1,S
2021-06-15T13:44:35,1000.0,52.2,S
2021-06-15T13:44:34,600.0,52.2,S
2021-06-15T13:44:31,800.0,52.2,S
2021-06-15T13:44:29,5100.0,52.3,B
2021-06-15T13:44:24,2000.0,52.1,S
2021-06-15T13:44:23,26000.0,52.3,B
2021-06-15T13:44:23,100.0,52.2,S
2021-06-15T13:44:20,500.0,52.2,S
2021-06-15T13:44:20,400.0,52.2,S
2021-06-15T13:44:20,700.0,52.2,S
2021-06-15T13:44:20,2500.0,52.2,S
2021-06-15T13:44:19,2100.0,52.2,S
2021-06-15T13:44:19,1900.0,52.2,S
2021-06-15T13:44:19,500.0,52.2,S
2021-06-15T13:44:19,5000.0,52.2,S
2021-06-15T13:44:19,900.0,52.2,S
2021-06-15T13:44:18,500.0,52.3,B
2021-06-15T13:44:17,100.0,52.3,B
2021-06-15T13:44:11,200.0,52.3,B
2021-06-15T13:44:08,100.0,52.3,B
2021-06-15T13:44:06,5100.0,52.3,B
2021-06-15T13:44:01,17600.0,52.2,S
2021-06-15T13:43:55,4000.0,52.2,S
2021-06-15T13:43:53,200.0,52.2,S
2021-06-15T13:43:53,800.0,52.2,S
2021-06-15T13:43:52,600.0,52.2,S
2021-06-15T13:43:50,9800.0,52.3,B
2021-06-15T13:43:39,300.0,52.3,B
2021-06-15T13:43:33,5000.0,52.2,S
2021-06-15T13:43:32,5000.0,52.3,B
2021-06-15T13:43:28,7500.0,52.2,S
2021-06-15T13:43:28,1100.0,52.3,B
2021-06-15T13:43:28,700.0,52.3,B
2021-06-15T13:43:28,6100.0,52.3,B
2021-06-15T13:43:28,5100.0,52.3,B
2021-06-15T13:43:28,2500.0,52.3,B
2021-06-15T13:43:24,300.0,52.3,B
2021-06-15T13:43:22,5000.0,52.3,B
2021-06-15T13:43:20,500.0,52.3,B
2021-06-15T13:43:20,300.0,52.3,B
2021-06-15T13:43:19,3300.0,52.3,B
2021-06-15T13:43:12,300.0,52.3,B
2021-06-15T13:43:06,1000.0,52.3,B
2021-06-15T13:43:06,300.0,52.3,B
2021-06-15T13:43:05,100.0,52.4,B
2021-06-15T13:43:03,2000.0,52.3,B
2021-06-15T13:43:02,5000.0,52.3,B
2021-06-15T13:43:00,2200.0,52.4,B
2021-06-15T13:42:55,100.0,52.3,B
2021-06-15T13:42:55,500.0,52.3,B
2021-06-15T13:42:55,500.0,52.3,B
2021-06-15T13:42:54,300.0,52.3,B
2021-06-15T13:42:49,1400.0,52.3,B
2021-06-15T13:42:48,200.0,52.3,B
2021-06-15T13:42:43,500.0,52.3,B
2021-06-15T13:42:42,300.0,52.3,B
2021-06-15T13:42:38,100.0,52.3,B
2021-06-15T13:42:38,100.0,52.3,B
2021-06-15T13:42:26,1900.0,52.2,S
2021-06-15T13:42:26,4800.0,52.2,S
2021-06-15T13:42:26,4300.0,52.2,S
2021-06-15T13:42:25,100.0,52.3,B
2021-06-15T13:42:25,100.0,52.3,B
2021-06-15T13:42:23,100.0,52.3,B
2021-06-15T13:42:23,1100.0,52.2,S
2021-06-15T13:42:22,100.0,52.3,B
2021-06-15T13:42:20,100.0,52.3,B
2021-06-15T13:42:18,100.0,52.2,S
2021-06-15T13:42:15,300.0,52.4,B
2021-06-15T13:42:15,300.0,52.4,B
2021-06-15T13:42:15,700.0,52.4,B
2021-06-15T13:42:15,4400.0,52.4,B
2021-06-15T13:42:13,1600.0,52.4,B
2021-06-15T13:42:13,2700.0,52.4,B
2021-06-15T13:42:13,200.0,52.3,B
2021-06-15T13:42:12,500.0,52.3,B
2021-06-15T13:42:01,5000.0,52.3,S
2021-06-15T13:41:54,1000.0,52.3,S
2021-06-15T13:41:49,4300.0,52.3,S
2021-06-15T13:41:48,5000.0,52.4,B
2021-06-15T13:41:48,100.0,52.3,S
2021-06-15T13:41:47,1000.0,52.3,S
2021-06-15T13:41:45,500.0,52.3,S
2021-06-15T13:41:39,300.0,52.2,S
2021-06-15T13:41:36,2700.0,52.3,S
2021-06-15T13:41:36,200.0,52.3,S
2021-06-15T13:41:36,5300.0,52.3,S
2021-06-15T13:41:33,30000.0,52.4,B
2021-06-15T13:41:28,1000.0,52.3,S
2021-06-15T13:41:28,5000.0,52.3,S
2021-06-15T13:41:28,700.0,52.3,S
2021-06-15T13:41:28,300.0,52.3,S
2021-06-15T13:41:26,300.0,52.3,S
2021-06-15T13:41:25,500.0,52.3,S
2021-06-15T13:41:21,5100.0,52.4,B
2021-06-15T13:41:21,300.0,52.3,S
2021-06-15T13:41:11,300.0,52.3,S
2021-06-15T13:41:11,5000.0,52.3,S
2021-06-15T13:41:09,100.0,52.3,S
2021-06-15T13:41:09,1200.0,52.3,S
2021-06-15T13:41:05,4500.0,52.3,S
2021-06-15T13:41:05,1000.0,52.3,S
2021-06-15T13:41:05,17200.0,52.3,S
2021-06-15T13:41:03,5000.0,52.3,S
2021-06-15T13:41:00,500.0,52.3,S
2021-06-15T13:40:59,300.0,52.2,S
2021-06-15T13:40:55,5800.0,52.3,S
2021-06-15T13:40:41,100.0,52.3,S
2021-06-15T13:40:37,8300.0,52.2,S
2021-06-15T13:40:36,500.0,52.3,S
2021-06-15T13:40:35,500.0,52.4,B
2021-06-15T13:40:35,700.0,52.4,B
2021-06-15T13:40:35,3900.0,52.4,B
2021-06-15T13:40:34,300.0,52.4,B
2021-06-15T13:40:32,12600.0,52.3,S
2021-06-15T13:40:29,100.0,52.3,S
2021-06-15T13:40:29,1000.0,52.3,S
2021-06-15T13:40:27,1000.0,52.3,S
2021-06-15T13:40:24,1500.0,52.3,S
2021-06-15T13:40:23,3000.0,52.3,S
2021-06-15T13:40:22,300.0,52.2,S
2021-06-15T13:40:22,200.0,52.2,S
2021-06-15T13:40:09,1300.0,52.4,B
2021-06-15T13:40:09,3800.0,52.3,S
2021-06-15T13:40:07,52600.0,52.0,S
2021-06-15T13:40:07,3600.0,52.0,S
2021-06-15T13:40:07,400.0,52.0,S
2021-06-15T13:40:07,1400.0,52.0,S
2021-06-15T13:40:07,700.0,52.0,S
2021-06-15T13:40:07,500.0,52.0,S
2021-06-15T13:40:07,300.0,52.0,S
2021-06-15T13:40:07,40500.0,52.1,S
2021-06-15T13:39:58,100.0,52.3,S
2021-06-15T13:39:57,500.0,52.3,S
2021-06-15T13:39:54,100.0,52.3,S
2021-06-15T13:39:54,2100.0,52.3,S
2021-06-15T13:39:54,900.0,52.3,S
2021-06-15T13:39:54,300.0,52.3,S
2021-06-15T13:39:47,200.0,52.4,B
2021-06-15T13:39:47,200.0,52.4,B
2021-06-15T13:39:45,1000.0,52.3,S
2021-06-15T13:39:42,400.0,52.4,B
2021-06-15T13:39:41,3800.0,52.4,B
2021-06-15T13:39:41,1300.0,52.4,B
2021-06-15T13:39:37,100.0,52.3,S
2021-06-15T13:39:35,5500.0,52.3,S
2021-06-15T13:39:35,300.0,52.4,B
2021-06-15T13:39:31,2200.0,52.1,S
2021-06-15T13:39:31,3500.0,52.1,S
2021-06-15T13:39:31,1400.0,52.1,S
2021-06-15T13:39:31,11000.0,52.1,S
2021-06-15T13:39:31,2000.0,52.1,S
2021-06-15T13:39:31,20300.0,52.1,S
2021-06-15T13:39:31,100.0,52.1,S
2021-06-15T13:39:30,600.0,52.1,S
2021-06-15T13:39:30,300.0,52.1,S
2021-06-15T13:39:30,12000.0,52.1,S
2021-06-15T13:39:30,3200.0,52.1,S
2021-06-15T13:39:30,600.0,52.2,S
2021-06-15T13:39:30,2000.0,52.2,S
2021-06-15T13:39:30,11200.0,52.2,S
2021-06-15T13:39:30,1300.0,52.2,S
2021-06-15T13:39:30,2000.0,52.2,S
2021-06-15T13:39:30,100.0,52.2,S
2021-06-15T13:39:30,5200.0,52.2,S
2021-06-15T13:39:30,100.0,52.2,S
2021-06-15T13:39:30,1200.0,52.2,S
2021-06-15T13:39:30,6600.0,52.2,S
2021-06-15T13:39:30,700.0,52.2,S
2021-06-15T13:39:30,800.0,52.3,S
2021-06-15T13:39:30,11600.0,52.3,S
2021-06-15T13:39:29,4300.0,52.3,S
2021-06-15T13:39:26,3000.0,52.3,S
2021-06-15T13:39:24,1000.0,52.3,S
2021-06-15T13:39:21,5100.0,52.4,B
2021-06-15T13:39:19,3000.0,52.3,S
2021-06-15T13:39:15,1000.0,52.3,S
2021-06-15T13:39:12,1200.0,52.3,S
2021-06-15T13:39:06,1000.0,52.3,S
2021-06-15T13:39:05,400.0,52.3,S
2021-06-15T13:39:05,300.0,52.3,S
2021-06-15T13:39:04,100.0,52.3,S
2021-06-15T13:39:02,500.0,52.3,S
2021-06-15T13:38:56,5100.0,52.4,B
2021-06-15T13:38:54,3000.0,52.3,S
2021-06-15T13:38:28,500.0,52.3,S
2021-06-15T13:38:27,200.0,52.4,B
2021-06-15T13:38:26,200.0,52.3,S
2021-06-15T13:38:26,800.0,52.3,S
2021-06-15T13:38:19,900.0,52.3,S
2021-06-15T13:38:18,100.0,52.3,S
2021-06-15T13:38:17,6000.0,52.3,S
2021-06-15T13:38:07,5100.0,52.4,B
2021-06-15T13:38:05,800.0,52.3,S
2021-06-15T13:38:05,100.0,52.4,B
2021-06-15T13:38:04,600.0,52.4,B
2021-06-15T13:38:02,1500.0,52.3,S
2021-06-15T13:38:02,200.0,52.3,S
2021-06-15T13:37:56,1000.0,52.2,S
2021-06-15T13:37:55,100.0,52.4,B
2021-06-15T13:37:54,3600.0,52.4,B
2021-06-15T13:37:50,500.0,52.3,S
2021-06-15T13:37:49,200.0,52.2,S
2021-06-15T13:37:49,300.0,52.3,S
2021-06-15T13:37:45,300.0,52.4,B
2021-06-15T13:37:40,5100.0,52.4,B
2021-06-15T13:37:39,100.0,52.4,B
2021-06-15T13:37:36,200.0,52.4,B
2021-06-15T13:37:29,1000.0,52.3,S
2021-06-15T13:37:28,100.0,52.4,S
2021-06-15T13:37:24,100.0,52.4,S
2021-06-15T13:37:16,4700.0,52.4,S
2021-06-15T13:37:14,5100.0,52.4,S
2021-06-15T13:37:11,4700.0,52.4,S
2021-06-15T13:37:11,5800.0,52.4,S
2021-06-15T13:37:06,10000.0,52.4,S
2021-06-15T13:37:00,100.0,52.4,S
2021-06-15T13:36:58,200.0,52.4,S
2021-06-15T13:36:49,5100.0,52.4,S
2021-06-15T13:36:48,2200.0,52.2,S
2021-06-15T13:36:48,3200.0,52.2,S
2021-06-15T13:36:48,1900.0,52.2,S
2021-06-15T13:36:48,100.0,52.2,S
2021-06-15T13:36:48,900.0,52.2,S
2021-06-15T13:36:48,3000.0,52.2,S
2021-06-15T13:36:48,1000.0,52.2,S
2021-06-15T13:36:48,12700.0,52.2,S
2021-06-15T13:36:47,13000.0,52.4,S
2021-06-15T13:36:47,37000.0,52.4,S
2021-06-15T13:36:46,400.0,52.4,S
2021-06-15T13:36:45,500.0,52.3,S
2021-06-15T13:36:45,300.0,52.3,S
2021-06-15T13:36:42,1500.0,52.4,S
2021-06-15T13:36:39,20000.0,52.2,S
2021-06-15T13:36:38,17000.0,52.3,S
2021-06-15T13:36:38,20000.0,52.4,S
2021-06-15T13:36:37,500.0,52.4,S
2021-06-15T13:36:36,900.0,52.4,S
2021-06-15T13:36:34,500.0,52.4,S
2021-06-15T13:36:32,300.0,52.4,S
2021-06-15T13:36:29,5100.0,52.4,S
2021-06-15T13:36:28,300.0,52.4,S
2021-06-15T13:36:23,1300.0,52.3,S
2021-06-15T13:36:23,3700.0,52.3,S
2021-06-15T13:36:23,500.0,52.3,S
2021-06-15T13:36:23,2200.0,52.3,S
2021-06-15T13:36:22,2300.0,52.3,S
2021-06-15T13:36:21,500.0,52.4,S
2021-06-15T13:36:21,200.0,52.4,S
2021-06-15T13:36:20,3100.0,52.4,S
2021-06-15T13:36:19,500.0,52.4,S
2021-06-15T13:36:18,100.0,52.4,S
2021-06-15T13:36:15,9000.0,52.4,S
2021-06-15T13:36:13,200.0,52.4,S
2021-06-15T13:36:13,100.0,52.4,S
2021-06-15T13:36:11,5100.0,52.4,S
2021-06-15T13:36:09,400.0,52.4,S
2021-06-15T13:36:08,100.0,52.4,S
2021-06-15T13:36:05,9900.0,52.3,S
2021-06-15T13:36:04,200.0,52.4,S
2021-06-15T13:36:02,6000.0,52.4,S
2021-06-15T13:36:01,1000.0,52.4,S
2021-06-15T13:36:00,400.0,52.4,S
2021-06-15T13:35:55,500.0,52.4,S
2021-06-15T13:35:50,5200.0,52.4,S
2021-06-15T13:35:50,700.0,52.4,S
2021-06-15T13:35:49,1300.0,52.4,S
2021-06-15T13:35:45,300.0,52.4,S
2021-06-15T13:35:45,1000.0,52.3,S
2021-06-15T13:35:44,500.0,52.4,S
2021-06-15T13:35:38,200.0,52.4,S
2021-06-15T13:35:37,3000.0,52.4,S
2021-06-15T13:35:35,500.0,52.4,S
2021-06-15T13:35:24,5200.0,52.4,S
2021-06-15T13:35:23,500.0,52.4,S
2021-06-15T13:35:08,500.0,52.4,S
2021-06-15T13:35:00,1000.0,52.4,S
2021-06-15T13:34:58,2000.0,52.4,S
2021-06-15T13:34:54,100.0,52.4,S
2021-06-15T13:34:47,200.0,52.3,S
2021-06-15T13:34:46,1800.0,52.4,S
2021-06-15T13:34:46,800.0,52.3,S
2021-06-15T13:34:45,100.0,52.4,S
2021-06-15T13:34:43,2000.0,52.4,S
2021-06-15T13:34:42,5200.0,52.4,S
2021-06-15T13:34:40,100.0,52.4,S
2021-06-15T13:34:40,100.0,52.4,S
2021-06-15T13:34:37,300.0,52.4,S
2021-06-15T13:34:34,100.0,52.4,S
2021-06-15T13:34:34,3600.0,52.3,S
2021-06-15T13:34:34,1300.0,52.3,S
2021-06-15T13:34:34,100.0,52.3,S
2021-06-15T13:34:27,1000.0,52.4,S
2021-06-15T13:34:23,600.0,52.4,S
2021-06-15T13:34:16,300.0,52.4,S
2021-06-15T13:34:14,5200.0,52.4,S
2021-06-15T13:34:10,500.0,52.4,S
2021-06-15T13:34:09,2000.0,52.4,S
2021-06-15T13:34:08,500.0,52.4,S
2021-06-15T13:34:07,300.0,52.4,S
2021-06-15T13:34:07,20000.0,52.4,S
2021-06-15T13:34:06,1000.0,52.4,S
2021-06-15T13:34:03,3700.0,52.4,S
2021-06-15T13:33:57,100.0,52.4,S
2021-06-15T13:33:53,3000.0,52.4,S
2021-06-15T13:33:40,5000.0,52.4,S
2021-06-15T13:33:39,5200.0,52.4,S
2021-06-15T13:33:39,500.0,52.3,S
2021-06-15T13:33:36,100.0,52.4,S
2021-06-15T13:33:32,100.0,52.4,S
2021-06-15T13:33:25,500.0,52.4,S
2021-06-15T13:33:25,1000.0,52.4,S
2021-06-15T13:33:24,500.0,52.4,S
2021-06-15T13:33:15,5200.0,52.4,S
2021-06-15T13:33:13,100.0,52.4,S
2021-06-15T13:33:10,6100.0,52.4,S
2021-06-15T13:33:10,2000.0,52.4,S
2021-06-15T13:33:10,800.0,52.4,S
2021-06-15T13:33:10,300.0,52.4,S
2021-06-15T13:33:10,2800.0,52.4,S
2021-06-15T13:33:09,600.0,52.4,S
2021-06-15T13:33:09,400.0,52.5,S
2021-06-15T13:33:03,300.0,52.4,S
2021-06-15T13:33:03,700.0,52.4,S
2021-06-15T13:33:03,1900.0,52.4,S
2021-06-15T13:33:02,1500.0,52.4,S
2021-06-15T13:33:02,1100.0,52.4,S
2021-06-15T13:33:02,2600.0,52.4,S
2021-06-15T13:33:02,1900.0,52.5,S
2021-06-15T13:32:54,1000.0,52.7,B
2021-06-15T13:32:48,5200.0,52.7,S
2021-06-15T13:32:44,300.0,52.6,S
2021-06-15T13:32:27,100.0,52.7,S
2021-06-15T13:32:24,1900.0,52.4,S
2021-06-15T13:32:24,900.0,52.7,S
2021-06-15T13:32:24,1900.0,52.7,S
2021-06-15T13:32:24,2400.0,52.7,S
2021-06-15T13:32:14,100.0,52.7,S
2021-06-15T13:32:09,600.0,52.7,S
2021-06-15T13:32:08,400.0,52.7,S
2021-06-15T13:32:07,1000.0,52.7,S
2021-06-15T13:31:57,5200.0,52.7,S
2021-06-15T13:31:55,1000.0,52.4,S
2021-06-15T13:31:54,1000.0,52.7,S
2021-06-15T13:31:51,800.0,52.4,S
2021-06-15T13:31:51,200.0,52.4,S
2021-06-15T13:31:51,11300.0,52.4,S
2021-06-15T13:31:51,2200.0,52.5,S
2021-06-15T13:31:51,1100.0,52.5,S
2021-06-15T13:31:51,100.0,52.5,S
2021-06-15T13:31:51,1800.0,52.5,S
2021-06-15T13:31:51,100.0,52.5,S
2021-06-15T13:31:51,1300.0,52.5,S
2021-06-15T13:31:51,200.0,52.5,S
2021-06-15T13:31:51,600.0,52.5,S
2021-06-15T13:31:51,600.0,52.5,S
2021-06-15T13:31:51,2300.0,52.5,S
2021-06-15T13:31:51,1300.0,52.5,S
2021-06-15T13:31:51,100.0,52.5,S
2021-06-15T13:31:51,400.0,52.5,S
2021-06-15T13:31:51,300.0,52.5,S
2021-06-15T13:31:51,9400.0,52.5,S
2021-06-15T13:31:51,5000.0,52.5,S
2021-06-15T13:31:51,6800.0,52.5,S
2021-06-15T13:31:51,100.0,52.5,S
2021-06-15T13:31:51,300.0,52.5,S
2021-06-15T13:31:51,600.0,52.5,S
2021-06-15T13:31:51,2200.0,52.5,S
2021-06-15T13:31:51,900.0,52.5,S
2021-06-15T13:31:51,12300.0,52.5,S
2021-06-15T13:31:51,100.0,52.6,S
2021-06-15T13:31:51,6200.0,52.6,S
2021-06-15T13:31:51,1600.0,52.6,S
2021-06-15T13:31:51,600.0,52.6,S
2021-06-15T13:31:51,2300.0,52.6,S
2021-06-15T13:31:51,200.0,52.6,S
2021-06-15T13:31:50,1300.0,52.6,S
2021-06-15T13:31:50,10900.0,52.6,S
2021-06-15T13:31:50,600.0,52.6,S
2021-06-15T13:31:50,5700.0,52.6,S
2021-06-15T13:31:50,500.0,52.6,S
2021-06-15T13:31:50,2000.0,52.6,S
2021-06-15T13:31:50,600.0,52.6,S
2021-06-15T13:31:50,2000.0,52.6,S
2021-06-15T13:31:50,4100.0,52.6,S
2021-06-15T13:31:40,2100.0,52.8,B
2021-06-15T13:31:40,600.0,52.8,B
2021-06-15T13:31:34,5200.0,52.8,B
2021-06-15T13:31:28,6000.0,52.7,S
2021-06-15T13:31:25,3000.0,52.7,S
2021-06-15T13:31:25,2700.0,52.7,S
2021-06-15T13:31:25,600.0,52.7,S
2021-06-15T13:31:25,500.0,52.7,S
2021-06-15T13:31:25,2600.0,52.7,S
2021-06-15T13:31:25,1600.0,52.7,S
2021-06-15T13:31:25,1000.0,52.7,S
2021-06-15T13:31:25,6300.0,52.7,S
2021-06-15T13:31:25,100.0,52.7,S
2021-06-15T13:31:25,200.0,52.7,S
2021-06-15T13:31:25,3200.0,52.7,S
2021-06-15T13:31:24,38200.0,52.7,S
2021-06-15T13:31:14,800.0,52.7,S
2021-06-15T13:31:08,2600.0,52.7,S
2021-06-15T13:31:04,2000.0,52.8,B
2021-06-15T13:30:55,1400.0,52.8,B
2021-06-15T13:30:55,3000.0,52.8,B
2021-06-15T13:30:55,200.0,52.8,B
2021-06-15T13:30:54,600.0,52.8,B
2021-06-15T13:30:50,400.0,52.7,S
2021-06-15T13:30:38,1000.0,52.7,S
2021-06-15T13:30:38,200.0,52.8,B
2021-06-15T13:30:35,15000.0,52.7,S
2021-06-15T13:30:34,400.0,52.8,B
2021-06-15T13:30:34,2600.0,52.8,B
2021-06-15T13:30:28,5200.0,52.8,B
2021-06-15T13:30:25,200.0,52.8,B
2021-06-15T13:30:22,100.0,52.8,B
2021-06-15T13:30:11,200.0,52.8,B
2021-06-15T13:30:09,1000.0,52.7,S
2021-06-15T13:30:02,300.0,52.8,B
2021-06-15T13:30:02,200.0,52.7,S
2021-06-15T13:30:02,20000.0,52.7,S
2021-06-15T13:30:02,5200.0,52.8,B
2021-06-15T13:29:57,500.0,52.8,B
2021-06-15T13:29:52,2000.0,52.7,S
2021-06-15T13:29:49,700.0,52.7,S
2021-06-15T13:29:46,100.0,52.8,B
2021-06-15T13:29:44,500.0,52.8,B
2021-06-15T13:29:41,2300.0,52.7,S
2021-06-15T13:29:41,100.0,52.8,B
2021-06-15T13:29:41,2300.0,52.8,B
2021-06-15T13:29:41,1300.0,52.8,B
2021-06-15T13:29:30,300.0,52.8,B
2021-06-15T13:29:28,1600.0,52.8,B
2021-06-15T13:29:23,3000.0,52.8,S
2021-06-15T13:29:16,1000.0,52.8,S
2021-06-15T13:29:09,5200.0,52.8,S
2021-06-15T13:28:58,2000.0,52.8,S
2021-06-15T13:28:49,200.0,52.8,S
2021-06-15T13:28:41,500.0,52.8,S
2021-06-15T13:28:41,4700.0,52.8,S
2021-06-15T13:28:36,100.0,52.8,S
2021-06-15T13:28:36,1500.0,52.8,S
2021-06-15T13:28:34,900.0,52.7,S
2021-06-15T13:28:26,4000.0,52.8,S
2021-06-15T13:28:22,5200.0,52.8,S
2021-06-15T13:28:16,500.0,52.8,S
2021-06-15T13:28:16,500.0,52.8,S
2021-06-15T13:28:11,600.0,52.9,B
2021-06-15T13:28:00,200.0,52.7,S
2021-06-15T13:27:58,4100.0,52.9,B
2021-06-15T13:27:58,1100.0,52.8,S
2021-06-15T13:27:55,2900.0,52.8,S
2021-06-15T13:27:55,500.0,52.8,S
2021-06-15T13:27:55,200.0,52.8,S
2021-06-15T13:27:51,500.0,52.8,S
2021-06-15T13:27:50,100.0,52.8,S
2021-06-15T13:27:40,200.0,52.9,B
2021-06-15T13:27:33,600.0,52.8,S
2021-06-15T13:27:30,500.0,52.8,S
2021-06-15T13:27:24,1000.0,52.8,S
2021-06-15T13:27:21,10600.0,52.8,S
2021-06-15T13:27:21,5200.0,52.8,S
2021-06-15T13:27:18,500.0,52.8,S
2021-06-15T13:27:05,10000.0,52.8,S
2021-06-15T13:27:02,100.0,52.8,S
2021-06-15T13:27:01,8000.0,52.8,S
2021-06-15T13:27:00,500.0,52.8,S
2021-06-15T13:26:52,5200.0,52.8,S
2021-06-15T13:26:51,500.0,52.8,S
2021-06-15T13:26:33,1800.0,52.8,S
2021-06-15T13:26:29,100.0,52.9,B
2021-06-15T13:26:27,200.0,52.9,B
2021-06-15T13:26:26,5200.0,52.9,B
2021-06-15T13:26:18,1000.0,52.8,S
2021-06-15T13:26:11,2000.0,52.9,B
2021-06-15T13:25:59,5200.0,52.9,B
2021-06-15T13:25:58,2000.0,52.9,B
2021-06-15T13:25:56,100.0,52.9,B
2021-06-15T13:25:56,600.0,52.7,S
2021-06-15T13:25:56,3100.0,52.8,S
2021-06-15T13:25:54,6300.0,52.8,S
2021-06-15T13:25:53,500.0,52.9,B
2021-06-15T13:25:46,5000.0,52.8,S
2021-06-15T13:25:36,4100.0,52.9,B
2021-06-15T13:25:33,500.0,52.9,B
2021-06-15T13:25:30,5200.0,52.9,B
2021-06-15T13:25:29,100.0,52.9,B
2021-06-15T13:25:26,100.0,52.9,S
2021-06-15T13:25:08,300.0,52.9,S
2021-06-15T13:25:07,1000.0,52.9,S
2021-06-15T13:25:05,5200.0,52.9,S
2021-06-15T13:25:01,500.0,52.9,S
2021-06-15T13:24:59,100.0,52.9,S
2021-06-15T13:24:56,2300.0,52.8,S
2021-06-15T13:24:56,2700.0,52.8,S
2021-06-15T13:24:55,500.0,52.9,S
2021-06-15T13:24:55,300.0,52.9,S
2021-06-15T13:24:47,1000.0,52.9,S
2021-06-15T13:24:45,800.0,52.9,S
2021-06-15T13:24:43,400.0,52.9,S
2021-06-15T13:24:40,5200.0,52.9,S
2021-06-15T13:24:30,2000.0,52.9,S
2021-06-15T13:24:25,3900.0,52.9,S
2021-06-15T13:24:25,1000.0,52.9,S
2021-06-15T13:24:25,1800.0,52.9,S
2021-06-15T13:24:25,200.0,52.9,S
2021-06-15T13:24:24,2200.0,52.9,S
2021-06-15T13:24:21,8700.0,52.9,S
2021-06-15T13:24:21,1300.0,52.9,S
2021-06-15T13:24:21,5200.0,52.9,S
2021-06-15T13:24:17,1000.0,52.9,S
2021-06-15T13:24:01,1000.0,52.9,S
2021-06-15T13:23:58,500.0,52.9,S
2021-06-15T13:23:51,5200.0,52.9,S
2021-06-15T13:23:27,100.0,52.9,S
2021-06-15T13:23:26,100.0,52.9,S
2021-06-15T13:23:23,5200.0,52.9,S
2021-06-15T13:23:19,200.0,52.9,S
2021-06-15T13:23:09,400.0,52.9,S
2021-06-15T13:23:08,5000.0,52.9,S
2021-06-15T13:23:07,100.0,52.9,S
2021-06-15T13:22:57,5000.0,52.9,S
2021-06-15T13:22:55,5200.0,52.9,S
2021-06-15T13:22:52,1000.0,52.9,S
2021-06-15T13:22:44,100.0,52.9,S
2021-06-15T13:22:34,500.0,52.9,S
2021-06-15T13:22:34,5200.0,52.9,S
2021-06-15T13:22:34,300.0,52.9,S
2021-06-15T13:22:34,100.0,52.9,S
2021-06-15T13:22:22,10000.0,52.9,S
2021-06-15T13:22:16,100.0,52.9,S
2021-06-15T13:22:12,5200.0,52.9,S
2021-06-15T13:22:09,100.0,52.9,S
2021-06-15T13:22:08,1000.0,52.9,S
2021-06-15T13:22:03,600.0,52.9,S
2021-06-15T13:22:02,1000.0,52.9,S
2021-06-15T13:21:53,200.0,52.9,S
2021-06-15T13:21:49,4700.0,52.9,S
2021-06-15T13:21:49,300.0,52.9,S
2021-06-15T13:21:47,5200.0,52.9,S
2021-06-15T13:21:46,300.0,52.9,S
2021-06-15T13:21:42,500.0,52.9,S
2021-06-15T13:21:42,1000.0,52.9,S
2021-06-15T13:21:40,1000.0,53.0,B
2021-06-15T13:21:31,500.0,53.0,B
2021-06-15T13:21:28,200.0,53.0,B
2021-06-15T13:21:19,700.0,52.9,S
2021-06-15T13:21:17,300.0,53.0,B
2021-06-15T13:21:15,5200.0,53.0,B
2021-06-15T13:21:12,15000.0,52.9,S
2021-06-15T13:21:05,500.0,52.9,S
2021-06-15T13:20:55,30000.0,53.0,B
2021-06-15T13:20:53,200.0,53.0,B
2021-06-15T13:20:47,800.0,53.0,B
2021-06-15T13:20:46,4400.0,53.0,B
2021-06-15T13:20:43,10000.0,52.9,S
2021-06-15T13:20:39,100.0,53.0,B
2021-06-15T13:20:36,3000.0,53.0,B
2021-06-15T13:20:29,200.0,53.0,B
2021-06-15T13:20:29,300.0,53.0,B
2021-06-15T13:20:29,2700.0,53.0,B
2021-06-15T13:20:28,1800.0,53.0,B
2021-06-15T13:20:25,20000.0,53.0,B
2021-06-15T13:20:17,5200.0,53.0,B
2021-06-15T13:20:15,10000.0,53.0,B
2021-06-15T13:20:15,4600.0,53.0,B
2021-06-15T13:20:15,100.0,53.0,B
2021-06-15T13:20:15,2300.0,53.0,B
2021-06-15T13:20:06,400.0,53.0,B
2021-06-15T13:19:59,100.0,53.0,B
2021-06-15T13:19:59,900.0,53.0,B
2021-06-15T13:19:59,2900.0,53.0,B
2021-06-15T13:19:59,700.0,53.0,B
2021-06-15T13:19:50,200.0,53.0,B
2021-06-15T13:19:49,1000.0,52.9,S
2021-06-15T13:19:45,500.0,53.0,B
2021-06-15T13:19:42,3600.0,53.0,B
2021-06-15T13:19:42,1300.0,53.0,B
2021-06-15T13:19:42,300.0,53.0,B
2021-06-15T13:19:40,500.0,53.0,B
2021-06-15T13:19:30,1200.0,53.0,B
2021-06-15T13:19:29,5100.0,53.0,B
2021-06-15T13:19:28,10000.0,52.9,S
2021-06-15T13:19:24,100.0,53.0,B
2021-06-15T13:19:24,5600.0,52.9,S
2021-06-15T13:19:24,4400.0,52.9,S
2021-06-15T13:19:23,700.0,53.0,B
2021-06-15T13:19:20,100.0,52.9,S
2021-06-15T13:19:14,1000.0,53.0,B
2021-06-15T13:19:14,100.0,53.0,B
2021-06-15T13:19:14,500.0,53.0,B
2021-06-15T13:19:14,800.0,53.0,B
2021-06-15T13:19:14,400.0,53.0,B
2021-06-15T13:19:14,2400.0,53.0,B
2021-06-15T13:19:04,2100.0,53.0,B
2021-06-15T13:19:03,300.0,53.0,B
2021-06-15T13:18:52,5200.0,53.0,B
2021-06-15T13:18:51,200.0,52.9,S
2021-06-15T13:18:51,2800.0,52.9,S
2021-06-15T13:18:37,1000.0,52.9,S
2021-06-15T13:18:36,10500.0,52.8,S
2021-06-15T13:18:36,100.0,53.0,B
2021-06-15T13:18:32,5200.0,53.0,B
2021-06-15T13:18:27,300.0,52.9,S
2021-06-15T13:18:27,1600.0,52.9,S
2021-06-15T13:18:23,3400.0,52.9,S
2021-06-15T13:18:22,10000.0,53.0,B
2021-06-15T13:18:18,200.0,52.9,S
2021-06-15T13:18:18,400.0,52.9,S
2021-06-15T13:18:17,600.0,52.8,S
2021-06-15T13:18:08,4900.0,52.9,S
2021-06-15T13:18:07,300.0,52.9,S
2021-06-15T13:18:05,100.0,52.9,S
2021-06-15T13:18:01,600.0,52.9,S
2021-06-15T13:17:46,2000.0,53.0,B
2021-06-15T13:17:44,5200.0,53.0,B
2021-06-15T13:17:34,200.0,52.9,S
2021-06-15T13:17:26,300.0,52.9,S
2021-06-15T13:17:23,1400.0,53.0,B
2021-06-15T13:17:22,100.0,53.0,B
2021-06-15T13:17:21,100.0,53.0,B
2021-06-15T13:17:19,100.0,53.0,B
2021-06-15T13:17:18,100.0,53.0,B
2021-06-15T13:17:15,5300.0,53.0,B
2021-06-15T13:17:14,100.0,52.9,S
2021-06-15T13:17:13,100.0,52.9,S
2021-06-15T13:17:08,10000.0,52.8,S
2021-06-15T13:17:08,100.0,53.0,B
2021-06-15T13:17:08,1000.0,52.9,S
2021-06-15T13:17:07,800.0,52.9,S
2021-06-15T13:17:01,100.0,52.9,S
2021-06-15T13:16:56,1000.0,53.0,B
2021-06-15T13:16:54,5300.0,53.0,B
2021-06-15T13:16:42,1000.0,53.0,B
2021-06-15T13:16:36,1000.0,52.9,S
2021-06-15T13:16:29,700.0,52.9,S
2021-06-15T13:16:26,300.0,53.0,B
2021-06-15T13:16:26,100.0,53.0,B
2021-06-15T13:16:26,600.0,53.0,B
2021-06-15T13:16:26,100.0,53.0,B
2021-06-15T13:16:26,3900.0,53.0,B
2021-06-15T13:16:26,200.0,53.0,B
2021-06-15T13:16:26,100.0,53.0,B
2021-06-15T13:16:16,1000.0,53.0,B
2021-06-15T13:16:14,200.0,53.0,B
2021-06-15T13:16:10,100.0,53.0,B
2021-06-15T13:16:04,1000.0,53.0,B
2021-06-15T13:15:57,700.0,53.0,B
2021-06-15T13:15:50,500.0,53.0,B
2021-06-15T13:15:49,500.0,53.0,B
2021-06-15T13:15:49,1100.0,53.0,B
2021-06-15T13:15:49,3700.0,53.0,B
2021-06-15T13:15:49,1200.0,53.0,B
2021-06-15T13:15:42,5000.0,53.0,B
2021-06-15T13:15:27,5300.0,53.0,B
2021-06-15T13:15:21,10000.0,52.8,S
2021-06-15T13:15:20,4400.0,53.0,B
2021-06-15T13:15:18,8600.0,52.8,S
2021-06-15T13:15:18,7300.0,52.8,S
2021-06-15T13:15:18,900.0,52.8,S
2021-06-15T13:15:18,2200.0,52.8,S
2021-06-15T13:15:18,400.0,52.8,S
2021-06-15T13:15:16,6600.0,52.8,S
2021-06-15T13:15:12,1000.0,53.0,B
2021-06-15T13:15:12,1000.0,53.0,B
2021-06-15T13:15:11,2000.0,53.0,B
2021-06-15T13:15:07,300.0,53.0,B
2021-06-15T13:15:07,800.0,53.0,B
2021-06-15T13:15:07,200.0,53.0,B
2021-06-15T13:15:07,1400.0,52.9,S
2021-06-15T13:15:07,8600.0,52.9,S
2021-06-15T13:15:01,3500.0,53.0,B
2021-06-15T13:15:01,1100.0,53.0,B
2021-06-15T13:15:00,700.0,53.0,B
2021-06-15T13:14:57,300.0,53.0,B
2021-06-15T13:14:51,900.0,53.0,B
2021-06-15T13:14:48,10000.0,52.9,S
2021-06-15T13:14:43,100.0,52.9,S
2021-06-15T13:14:33,7000.0,53.0,B
2021-06-15T13:14:33,200.0,53.0,B
2021-06-15T13:14:32,3600.0,53.0,B
2021-06-15T13:14:32,500.0,53.0,B
2021-06-15T13:14:32,100.0,53.0,B
2021-06-15T13:14:32,1100.0,53.0,B
2021-06-15T13:14:30,1000.0,52.9,S
2021-06-15T13:14:28,5000.0,53.0,B
2021-06-15T13:14:25,100.0,53.0,B
2021-06-15T13:14:21,6400.0,53.0,B
2021-06-15T13:14:21,2300.0,53.0,B
2021-06-15T13:14:21,1100.0,53.0,B
2021-06-15T13:14:21,100.0,53.0,B
2021-06-15T13:14:21,2200.0,53.0,B
2021-06-15T13:14:21,500.0,53.0,B
2021-06-15T13:14:21,300.0,53.0,B
2021-06-15T13:14:21,5700.0,53.0,B
2021-06-15T13:14:21,100.0,53.0,B
2021-06-15T13:14:21,11300.0,53.0,B
2021-06-15T13:14:19,800.0,53.0,B
2021-06-15T13:14:19,1000.0,53.0,B
2021-06-15T13:14:04,100.0,53.0,B
2021-06-15T13:14:03,300.0,53.0,B
2021-06-15T13:14:03,2700.0,53.0,B
2021-06-15T13:14:03,2200.0,53.0,B
2021-06-15T13:14:02,300.0,53.0,B
2021-06-15T13:13:49,500.0,53.0,B
2021-06-15T13:13:44,4300.0,53.0,B
2021-06-15T13:13:44,100.0,53.0,B
2021-06-15T13:13:44,5600.0,53.0,B
2021-06-15T13:13:43,300.0,52.9,S
2021-06-15T13:13:39,1200.0,53.0,B
2021-06-15T13:13:38,3300.0,53.0,B
2021-06-15T13:13:38,14900.0,53.0,B
2021-06-15T13:13:34,5300.0,53.0,B
2021-06-15T13:13:34,500.0,53.0,B
2021-06-15T13:13:32,700.0,53.0,B
2021-06-15T13:13:30,1100.0,53.0,B
2021-06-15T13:13:26,500.0,53.0,B
2021-06-15T13:13:22,7800.0,53.0,B
2021-06-15T13:13:22,800.0,53.0,B
2021-06-15T13:13:22,1500.0,53.0,B
2021-06-15T13:13:21,100.0,53.0,B
2021-06-15T13:13:21,4300.0,53.0,B
2021-06-15T13:13:21,100.0,53.0,B
2021-06-15T13:13:21,400.0,53.0,B
2021-06-15T13:13:21,500.0,53.0,B
2021-06-15T13:13:18,1200.0,53.0,B
2021-06-15T13:13:11,15700.0,52.9,S
2021-06-15T13:13:10,100.0,53.0,B
2021-06-15T13:13:08,5300.0,53.0,B
2021-06-15T13:13:06,5100.0,53.0,B
2021-06-15T13:13:05,1000.0,53.0,B
2021-06-15T13:12:50,1000.0,53.0,B
2021-06-15T13:12:49,5000.0,52.9,S
2021-06-15T13:12:47,1000.0,53.0,B
2021-06-15T13:12:47,700.0,52.9,S
2021-06-15T13:12:40,5300.0,53.0,B
2021-06-15T13:12:39,2000.0,52.9,S
2021-06-15T13:12:26,500.0,53.0,B
2021-06-15T13:12:24,100.0,52.9,S
2021-06-15T13:12:21,2000.0,52.9,S
2021-06-15T13:12:16,200.0,53.0,B
2021-06-15T13:12:11,5300.0,53.0,B
2021-06-15T13:12:10,100.0,52.9,S
2021-06-15T13:11:59,1000.0,53.0,B
2021-06-15T13:11:43,5300.0,53.0,B
2021-06-15T13:11:41,9300.0,52.9,S
2021-06-15T13:11:41,600.0,53.0,B
2021-06-15T13:11:40,2000.0,52.9,S
2021-06-15T13:11:34,500.0,52.9,S
2021-06-15T13:11:34,100.0,52.9,S
2021-06-15T13:11:29,800.0,53.0,B
2021-06-15T13:11:28,200.0,52.9,S
2021-06-15T13:11:17,300.0,52.9,S
2021-06-15T13:11:08,1700.0,52.9,S
2021-06-15T13:11:07,5300.0,53.0,B
2021-06-15T13:11:06,200.0,52.9,S
2021-06-15T13:10:55,100.0,52.8,S
2021-06-15T13:10:51,500.0,52.8,S
2021-06-15T13:10:45,800.0,53.0,B
2021-06-15T13:10:41,40000.0,52.8,S
2021-06-15T13:10:28,500.0,52.9,B
2021-06-15T13:10:23,300.0,52.9,B
2021-06-15T13:10:18,400.0,52.9,B
2021-06-15T13:10:15,22100.0,52.9,B
2021-06-15T13:10:15,2000.0,52.9,B
2021-06-15T13:10:15,27500.0,52.9,B
2021-06-15T13:10:15,3800.0,52.9,B
2021-06-15T13:10:12,600.0,52.8,S
2021-06-15T13:10:08,100.0,52.9,B
2021-06-15T13:10:01,5000.0,52.9,B
2021-06-15T13:10:00,100.0,52.8,S
2021-06-15T13:09:57,2000.0,52.9,B
2021-06-15T13:09:55,1000.0,52.9,B
2021-06-15T13:09:50,1000.0,52.9,B
2021-06-15T13:09:49,100.0,52.9,B
2021-06-15T13:09:46,600.0,52.8,S
2021-06-15T13:09:42,1000.0,52.9,B
2021-06-15T13:09:37,600.0,52.9,B
2021-06-15T13:09:37,500.0,52.9,B
2021-06-15T13:09:29,5800.0,52.9,B
2021-06-15T13:09:24,2000.0,52.8,S
2021-06-15T13:09:22,100.0,52.8,S
2021-06-15T13:09:21,1000.0,52.8,S
2021-06-15T13:09:20,3500.0,52.9,B
2021-06-15T13:09:17,1000.0,52.9,B
2021-06-15T13:09:15,500.0,52.8,S
2021-06-15T13:09:14,10000.0,52.8,S
2021-06-15T13:09:07,4800.0,52.9,B
2021-06-15T13:09:07,1300.0,52.9,B
2021-06-15T13:09:07,4100.0,52.9,B
2021-06-15T13:09:01,5800.0,52.9,B
2021-06-15T13:08:54,800.0,52.9,B
2021-06-15T13:08:35,2000.0,52.9,B
2021-06-15T13:08:27,11200.0,52.9,B
2021-06-15T13:08:27,1000.0,52.9,B
2021-06-15T13:08:27,400.0,52.9,B
2021-06-15T13:08:27,4100.0,52.9,B
2021-06-15T13:08:26,3300.0,52.9,B
2021-06-15T13:08:23,5800.0,52.9,B
2021-06-15T13:08:19,2000.0,52.8,S
2021-06-15T13:08:08,200.0,52.9,B
2021-06-15T13:08:01,10000.0,52.8,S
2021-06-15T13:07:59,5000.0,52.9,B
2021-06-15T13:07:59,5800.0,52.9,B
2021-06-15T13:07:53,3000.0,52.8,S
2021-06-15T13:07:41,1500.0,52.9,B
2021-06-15T13:07:39,600.0,52.8,S
2021-06-15T13:07:27,600.0,52.9,B
2021-06-15T13:07:26,200.0,52.9,B
2021-06-15T13:07:23,19100.0,52.8,S
2021-06-15T13:07:19,5800.0,52.9,B
2021-06-15T13:07:11,900.0,52.8,S
2021-06-15T13:07:05,2000.0,52.8,S
2021-06-15T13:07:01,900.0,52.9,B
2021-06-15T13:06:59,300.0,52.9,B
2021-06-15T13:06:54,1000.0,52.8,S
2021-06-15T13:06:52,2300.0,52.8,S
2021-06-15T13:06:52,600.0,52.9,B
2021-06-15T13:06:52,5000.0,52.9,B
2021-06-15T13:06:52,200.0,52.9,B
2021-06-15T13:06:50,600.0,52.8,S
2021-06-15T13:06:35,1000.0,52.9,B
2021-06-15T13:06:25,2000.0,52.8,S
2021-06-15T13:06:24,1700.0,52.8,S
2021-06-15T13:06:23,100.0,52.9,B
2021-06-15T13:06:23,200.0,52.9,B
2021-06-15T13:06:23,100.0,52.9,B
2021-06-15T13:06:23,1100.0,52.9,B
2021-06-15T13:06:23,4300.0,52.9,B
2021-06-15T13:06:23,2000.0,52.9,B
2021-06-15T13:06:09,500.0,52.9,B
2021-06-15T13:06:09,500.0,52.8,S
2021-06-15T13:05:58,100.0,52.8,S
2021-06-15T13:05:55,500.0,52.8,S
2021-06-15T13:05:49,5800.0,52.8,S
2021-06-15T13:05:49,500.0,52.8,S
2021-06-15T13:05:49,100.0,52.8,S
2021-06-15T13:05:46,100.0,52.8,S
2021-06-15T13:05:45,1000.0,52.8,S
2021-06-15T13:05:42,2000.0,52.8,S
2021-06-15T13:05:40,1000.0,52.8,S
2021-06-15T13:05:35,5000.0,52.8,S
2021-06-15T13:05:34,1000.0,52.8,S
2021-06-15T13:05:33,600.0,52.8,S
2021-06-15T13:05:29,500.0,52.8,S
2021-06-15T13:05:23,4300.0,52.9,B
2021-06-15T13:05:23,100.0,52.9,B
2021-06-15T13:05:22,1400.0,52.9,B
2021-06-15T13:05:21,500.0,52.9,B
2021-06-15T13:05:19,600.0,52.7,S
2021-06-15T13:05:16,1200.0,52.9,B
2021-06-15T13:05:15,1600.0,52.8,S
2021-06-15T13:05:10,2900.0,52.8,S
2021-06-15T13:04:53,1000.0,52.9,B
2021-06-15T13:04:51,5800.0,52.9,B
2021-06-15T13:04:50,900.0,52.9,B
2021-06-15T13:04:23,200.0,52.9,B
2021-06-15T13:04:21,3700.0,52.8,B
2021-06-15T13:04:21,200.0,52.7,S
2021-06-15T13:04:20,900.0,52.8,B
2021-06-15T13:04:20,100.0,52.8,B
2021-06-15T13:04:12,100.0,52.8,B
2021-06-15T13:04:11,4000.0,52.8,B
2021-06-15T13:04:05,3700.0,52.8,B
2021-06-15T13:04:04,600.0,52.7,S
2021-06-15T13:03:55,2000.0,52.8,B
2021-06-15T13:03:49,2500.0,52.8,B
2021-06-15T13:03:49,3300.0,52.8,B
2021-06-15T13:03:44,5000.0,52.8,B
2021-06-15T13:03:38,300.0,52.7,S
2021-06-15T13:03:38,1000.0,52.8,B
2021-06-15T13:03:33,500.0,52.8,B
2021-06-15T13:03:32,1500.0,52.8,B
2021-06-15T13:03:31,5800.0,52.8,B
2021-06-15T13:03:30,1000.0,52.8,B
2021-06-15T13:03:21,2300.0,52.7,S
2021-06-15T13:03:20,2200.0,52.8,B
2021-06-15T13:03:18,2000.0,52.7,S
2021-06-15T13:03:17,1200.0,52.8,B
2021-06-15T13:03:17,1800.0,52.8,B
2021-06-15T13:03:16,500.0,52.8,B
2021-06-15T13:03:16,500.0,52.8,B
2021-06-15T13:03:16,2600.0,52.8,B
2021-06-15T13:03:16,1400.0,52.8,B
2021-06-15T13:03:10,5800.0,52.8,B
2021-06-15T13:03:03,100.0,52.7,S
2021-06-15T13:02:51,500.0,52.8,B
2021-06-15T13:02:50,5300.0,52.8,B
2021-06-15T13:02:50,1200.0,52.7,S
2021-06-15T13:02:47,1000.0,52.7,S
2021-06-15T13:02:43,1000.0,52.7,S
2021-06-15T13:02:40,100.0,52.7,S
2021-06-15T13:02:37,300.0,52.7,S
2021-06-15T13:02:37,5900.0,52.7,S
2021-06-15T13:02:34,400.0,52.7,S
2021-06-15T13:02:31,1400.0,52.6,S
2021-06-15T13:02:29,2100.0,52.6,S
2021-06-15T13:02:29,100.0,52.6,S
2021-06-15T13:02:27,900.0,52.6,S
2021-06-15T13:02:27,600.0,52.7,S
2021-06-15T13:02:27,2300.0,52.7,S
2021-06-15T13:02:26,5100.0,52.7,S
2021-06-15T13:02:26,200.0,52.6,S
2021-06-15T13:02:19,2300.0,52.7,S
2021-06-15T13:02:13,100.0,52.7,S
2021-06-15T13:02:08,1500.0,52.7,S
2021-06-15T13:02:00,100.0,52.7,S
2021-06-15T13:01:58,300.0,52.7,S
2021-06-15T13:01:57,500.0,52.8,B
2021-06-15T13:01:49,900.0,52.8,B
2021-06-15T13:01:42,100.0,52.7,S
2021-06-15T13:01:42,400.0,52.7,S
2021-06-15T13:01:38,200.0,52.7,S
2021-06-15T13:01:28,100.0,52.7,S
2021-06-15T13:01:27,3800.0,52.7,S
2021-06-15T13:01:14,100.0,52.7,S
2021-06-15T13:01:13,500.0,52.7,S
2021-06-15T13:01:09,100.0,52.7,S
2021-06-15T13:01:03,1600.0,52.7,S
2021-06-15T13:00:46,800.0,52.7,S
2021-06-15T13:00:39,400.0,52.7,S
2021-06-15T13:00:38,1000.0,52.7,S
2021-06-15T13:00:37,100.0,52.7,S
2021-06-15T13:00:37,33300.0,52.7,S
2021-06-15T13:00:36,100.0,52.7,S
2021-06-15T13:00:34,400.0,52.8,B
2021-06-15T13:00:34,1200.0,52.7,S
2021-06-15T13:00:33,9100.0,52.7,S
2021-06-15T13:00:33,100.0,52.8,B
2021-06-15T13:00:30,500.0,52.7,S
2021-06-15T13:00:30,600.0,52.7,S
2021-06-15T13:00:29,200.0,52.7,S
2021-06-15T13:00:29,1000.0,52.7,S
2021-06-15T13:00:29,5000.0,52.7,S
2021-06-15T13:00:29,200.0,52.8,B
2021-06-15T13:00:27,100.0,52.7,S
2021-06-15T13:00:25,200.0,52.7,S
2021-06-15T13:00:25,10000.0,52.7,S
2021-06-15T11:30:27,100.0,52.7,S
2021-06-15T11:30:09,3600.0,52.7,S
2021-06-15T11:30:09,200.0,52.7,S
2021-06-15T11:30:09,2100.0,52.7,S
2021-06-15T11:30:09,300.0,52.7,S
2021-06-15T11:30:09,1000.0,52.7,S
2021-06-15T11:30:09,2800.0,52.7,S
2021-06-15T11:30:04,10000.0,52.7,S
2021-06-15T11:29:53,2000.0,52.8,B
2021-06-15T11:29:52,1000.0,52.8,B
2021-06-15T11:29:16,500.0,52.8,B
2021-06-15T11:29:15,1000.0,52.8,B
2021-06-15T11:29:13,300.0,52.8,B
2021-06-15T11:29:04,27700.0,52.7,S
2021-06-15T11:29:04,100.0,52.8,B
2021-06-15T11:28:40,1000.0,52.8,B
2021-06-15T11:28:21,500.0,52.8,B
2021-06-15T11:28:12,3000.0,52.8,B
2021-06-15T11:28:12,2200.0,52.8,B
2021-06-15T11:28:08,500.0,52.8,B
2021-06-15T11:27:59,1500.0,52.7,S
2021-06-15T11:27:57,7000.0,52.8,B
2021-06-15T11:27:56,100.0,52.8,B
2021-06-15T11:27:53,200.0,52.8,B
2021-06-15T11:27:34,500.0,52.8,B
2021-06-15T11:27:28,2000.0,52.8,B
2021-06-15T11:27:27,1000.0,52.8,B
2021-06-15T11:27:22,500.0,52.8,B
2021-06-15T11:27:15,600.0,52.8,B
2021-06-15T11:27:15,2000.0,52.8,B
2021-06-15T11:27:11,100.0,52.7,S
2021-06-15T11:27:06,1000.0,52.7,S
2021-06-15T11:27:04,10000.0,52.8,B
2021-06-15T11:26:59,2000.0,52.8,B
2021-06-15T11:26:41,800.0,52.8,B
2021-06-15T11:26:40,300.0,52.8,B
2021-06-15T11:26:31,300.0,52.7,S
2021-06-15T11:26:22,100.0,52.7,S
2021-06-15T11:25:59,200.0,52.7,S
2021-06-15T11:25:50,2600.0,52.7,S
2021-06-15T11:25:45,200.0,52.7,S
2021-06-15T11:25:35,3100.0,52.7,S
2021-06-15T11:25:31,200.0,52.7,S
2021-06-15T11:25:16,300.0,52.7,S
2021-06-15T11:25:12,300.0,52.7,B
2021-06-15T11:25:12,2000.0,52.7,B
2021-06-15T11:25:11,500.0,52.7,B
2021-06-15T11:25:06,1500.0,52.6,S
2021-06-15T11:24:46,500.0,52.7,B
2021-06-15T11:24:46,3700.0,52.7,B
2021-06-15T11:24:46,4100.0,52.7,B
2021-06-15T11:24:39,700.0,52.6,S
2021-06-15T11:24:33,100.0,52.7,B
2021-06-15T11:24:31,10000.0,52.7,B
2021-06-15T11:24:07,200.0,52.7,B
2021-06-15T11:23:38,5000.0,52.7,B
2021-06-15T11:23:23,10000.0,52.6,S
2021-06-15T11:23:23,4800.0,52.7,B
2021-06-15T11:23:13,1000.0,52.7,B
2021-06-15T11:23:09,500.0,52.7,B
2021-06-15T11:23:05,700.0,52.7,B
2021-06-15T11:22:54,2000.0,52.7,B
2021-06-15T11:22:48,1400.0,52.7,B
2021-06-15T11:22:42,200.0,52.7,B
2021-06-15T11:22:41,2000.0,52.6,S
2021-06-15T11:22:38,500.0,52.7,B
2021-06-15T11:22:36,100.0,52.7,B
2021-06-15T11:22:34,100.0,52.7,B
2021-06-15T11:22:34,19700.0,52.7,B
2021-06-15T11:22:09,900.0,52.7,B
2021-06-15T11:22:01,400.0,52.7,B
2021-06-15T11:21:40,100.0,52.7,B
2021-06-15T11:21:40,1100.0,52.7,B
2021-06-15T11:21:36,200.0,52.7,B
2021-06-15T11:21:30,300.0,52.7,B
2021-06-15T11:21:19,17200.0,52.7,S
2021-06-15T11:21:19,100.0,52.8,S
2021-06-15T11:21:10,1000.0,52.8,S
2021-06-15T11:21:03,600.0,52.9,B
2021-06-15T11:20:42,1700.0,52.9,B
2021-06-15T11:20:39,1400.0,52.8,S
2021-06-15T11:20:38,500.0,52.8,S
2021-06-15T11:20:36,500.0,52.8,S
2021-06-15T11:20:34,1000.0,52.8,S
2021-06-15T11:20:26,1000.0,52.8,B
2021-06-15T11:20:26,56700.0,52.8,B
2021-06-15T11:20:14,10000.0,52.7,S
2021-06-15T11:19:58,1000.0,52.7,S
2021-06-15T11:19:54,400.0,52.7,B
2021-06-15T11:19:54,1200.0,52.7,B
2021-06-15T11:19:54,1100.0,52.7,B
2021-06-15T11:19:53,30700.0,52.7,B
2021-06-15T11:19:42,1000.0,52.6,S
2021-06-15T11:19:39,6000.0,52.6,S
2021-06-15T11:19:35,100.0,52.7,B
2021-06-15T11:19:30,5000.0,52.7,B
2021-06-15T11:19:28,1100.0,52.7,B
2021-06-15T11:19:24,5800.0,52.7,B
2021-06-15T11:19:19,10000.0,52.7,B
2021-06-15T11:19:17,100.0,52.7,B
2021-06-15T11:18:56,2000.0,52.7,B
2021-06-15T11:18:54,100.0,52.7,B
2021-06-15T11:18:54,400.0,52.7,B
2021-06-15T11:18:53,500.0,52.6,S
2021-06-15T11:18:50,300.0,52.7,B
2021-06-15T11:18:37,500.0,52.6,S
2021-06-15T11:18:36,100.0,52.7,B
2021-06-15T11:18:33,500.0,52.6,S
2021-06-15T11:18:06,3000.0,52.6,S
2021-06-15T11:18:03,100.0,52.7,B
2021-06-15T11:18:02,400.0,52.6,S
2021-06-15T11:17:53,200.0,52.6,S
2021-06-15T11:17:50,1900.0,52.6,S
2021-06-15T11:17:46,5000.0,52.6,S
2021-06-15T11:17:41,3000.0,52.6,B
2021-06-15T11:17:41,9600.0,52.6,B
2021-06-15T11:17:40,5000.0,52.6,B
2021-06-15T11:17:38,1500.0,52.6,B
2021-06-15T11:17:14,500.0,52.6,B
2021-06-15T11:17:14,1000.0,52.6,B
2021-06-15T11:17:10,300.0,52.5,S
2021-06-15T11:17:10,5200.0,52.5,S
2021-06-15T11:17:10,4200.0,52.5,S
2021-06-15T11:17:10,4600.0,52.5,S
2021-06-15T11:17:10,2200.0,52.5,S
2021-06-15T11:17:10,300.0,52.5,S
2021-06-15T11:17:10,800.0,52.5,S
2021-06-15T11:17:10,12400.0,52.5,S
2021-06-15T11:17:08,3000.0,52.5,S
2021-06-15T11:17:01,600.0,52.6,B
2021-06-15T11:16:51,800.0,52.5,S
2021-06-15T11:16:50,10000.0,52.6,B
2021-06-15T11:16:48,800.0,52.5,S
2021-06-15T11:16:38,4000.0,52.6,B
2021-06-15T11:16:37,2000.0,52.6,B
2021-06-15T11:16:34,1700.0,52.5,S
2021-06-15T11:16:31,900.0,52.6,B
2021-06-15T11:16:26,100.0,52.6,B
2021-06-15T11:16:24,100.0,52.6,B
2021-06-15T11:16:24,200.0,52.6,B
2021-06-15T11:16:16,1500.0,52.5,S
2021-06-15T11:16:15,2800.0,52.5,S
2021-06-15T11:16:06,5000.0,52.6,B
2021-06-15T11:16:01,200.0,52.6,B
2021-06-15T11:15:34,10400.0,52.6,B
2021-06-15T11:15:23,100.0,52.6,B
2021-06-15T11:15:19,3000.0,52.6,B
2021-06-15T11:15:17,1000.0,52.6,B
2021-06-15T11:15:14,100.0,52.6,B
2021-06-15T11:15:11,5000.0,52.5,S
2021-06-15T11:15:11,600.0,52.6,B
2021-06-15T11:15:10,1000.0,52.6,B
2021-06-15T11:15:04,400.0,52.6,B
2021-06-15T11:14:59,500.0,52.6,B
2021-06-15T11:14:57,5000.0,52.6,B
2021-06-15T11:14:54,1200.0,52.5,S
2021-06-15T11:14:54,18800.0,52.5,S
2021-06-15T11:14:51,100.0,52.6,B
2021-06-15T11:14:49,5000.0,52.6,B
2021-06-15T11:14:25,1100.0,52.6,B
2021-06-15T11:14:20,500.0,52.6,B
2021-06-15T11:14:20,100.0,52.6,B
2021-06-15T11:13:57,200.0,52.6,B
2021-06-15T11:13:55,2100.0,52.6,S
2021-06-15T11:13:55,16100.0,52.6,S
2021-06-15T11:13:54,1100.0,52.6,S
2021-06-15T11:13:50,300.0,52.7,B
2021-06-15T11:13:30,400.0,52.7,B
2021-06-15T11:13:22,500.0,52.7,B
2021-06-15T11:13:20,500.0,52.7,B
2021-06-15T11:13:20,500.0,52.7,B
2021-06-15T11:13:16,100.0,52.7,B
2021-06-15T11:13:11,100.0,52.7,B
2021-06-15T11:13:02,500.0,52.7,B
2021-06-15T11:13:02,1000.0,52.7,B
2021-06-15T11:13:02,600.0,52.6,S
2021-06-15T11:12:59,600.0,52.7,B
2021-06-15T11:12:55,800.0,52.7,B
2021-06-15T11:12:52,300.0,52.7,B
2021-06-15T11:12:43,500.0,52.6,S
2021-06-15T11:12:42,100.0,52.7,B
2021-06-15T11:12:38,1900.0,52.7,B
2021-06-15T11:12:35,2700.0,52.7,B
2021-06-15T11:12:31,1000.0,52.7,B
2021-06-15T11:12:18,100.0,52.7,B
2021-06-15T11:12:16,300.0,52.7,B
2021-06-15T11:11:47,1000.0,52.6,S
2021-06-15T11:11:47,200.0,52.6,S
2021-06-15T11:11:47,200.0,52.6,S
2021-06-15T11:11:44,200.0,52.6,S
2021-06-15T11:11:39,2300.0,52.6,S
2021-06-15T11:11:39,2500.0,52.6,S
2021-06-15T11:11:38,5200.0,52.6,S
2021-06-15T11:11:32,2000.0,52.7,B
2021-06-15T11:11:29,200.0,52.7,B
2021-06-15T11:11:23,20000.0,52.6,S
2021-06-15T11:11:17,300.0,52.6,S
2021-06-15T11:11:14,300.0,52.7,B
2021-06-15T11:11:12,1000.0,52.7,B
2021-06-15T11:11:10,300.0,52.7,B
2021-06-15T11:11:09,2000.0,52.7,B
2021-06-15T11:11:03,500.0,52.7,B
2021-06-15T11:11:01,100.0,52.7,B
2021-06-15T11:10:57,100.0,52.7,B
2021-06-15T11:10:54,600.0,52.7,B
2021-06-15T11:10:54,500.0,52.7,B
2021-06-15T11:10:47,1200.0,52.7,B
2021-06-15T11:10:35,100.0,52.7,B
2021-06-15T11:10:34,2500.0,52.7,B
2021-06-15T11:10:29,1900.0,52.7,B
2021-06-15T11:10:26,2000.0,52.7,B
2021-06-15T11:10:01,300.0,52.7,B
2021-06-15T11:10:00,800.0,52.7,B
2021-06-15T11:09:56,4000.0,52.6,S
2021-06-15T11:09:54,6000.0,52.6,S
2021-06-15T11:09:42,9000.0,52.6,S
2021-06-15T11:09:38,13000.0,52.8,B
2021-06-15T11:09:32,5000.0,52.7,B
2021-06-15T11:09:29,100.0,52.7,S
2021-06-15T11:09:28,300.0,52.7,S
2021-06-15T11:09:27,6000.0,52.7,S
2021-06-15T11:09:27,8600.0,52.7,S
2021-06-15T11:09:25,100.0,52.8,B
2021-06-15T11:09:22,500.0,52.7,S
2021-06-15T11:09:21,100.0,52.8,B
2021-06-15T11:09:13,100.0,52.8,B
2021-06-15T11:09:10,2000.0,52.8,B
2021-06-15T11:08:53,3400.0,52.8,S
2021-06-15T11:08:53,500.0,52.8,S
2021-06-15T11:08:48,3800.0,52.8,S
2021-06-15T11:08:48,100.0,52.8,S
2021-06-15T11:08:48,100.0,52.8,S
2021-06-15T11:08:48,5300.0,52.8,S
2021-06-15T11:08:45,20000.0,52.8,S
2021-06-15T11:08:40,200.0,52.9,B
2021-06-15T11:08:33,30300.0,52.9,B
2021-06-15T11:08:32,10000.0,52.8,S
2021-06-15T11:08:29,200.0,52.9,B
2021-06-15T11:08:27,300.0,52.9,B
2021-06-15T11:08:22,200.0,52.9,B
2021-06-15T11:08:21,500.0,52.9,B
2021-06-15T11:08:15,6000.0,52.9,B
2021-06-15T11:08:01,800.0,52.9,B
2021-06-15T11:07:57,300.0,52.9,B
2021-06-15T11:07:54,2000.0,52.9,B
2021-06-15T11:07:46,5000.0,52.9,S
2021-06-15T11:07:45,1100.0,52.9,S
2021-06-15T11:07:43,100.0,52.9,S
2021-06-15T11:07:41,1000.0,53.0,B
2021-06-15T11:07:28,500.0,52.9,B
2021-06-15T11:07:26,200.0,52.8,S
2021-06-15T11:07:24,300.0,52.9,B
2021-06-15T11:07:24,100.0,52.9,B
2021-06-15T11:07:21,300.0,52.9,B
2021-06-15T11:07:20,1400.0,52.8,S
2021-06-15T11:06:49,11000.0,53.0,B
2021-06-15T11:06:47,300.0,52.8,S
2021-06-15T11:06:46,600.0,52.9,B
2021-06-15T11:06:46,100.0,52.9,B
2021-06-15T11:06:44,10000.0,52.8,S
2021-06-15T11:06:29,9100.0,53.0,B
2021-06-15T11:06:26,100.0,52.9,S
2021-06-15T11:06:26,900.0,52.9,S
2021-06-15T11:06:25,1000.0,53.0,B
2021-06-15T11:06:14,400.0,52.9,S
2021-06-15T11:06:05,300.0,53.0,B
2021-06-15T11:05:58,41700.0,52.8,S
2021-06-15T11:05:56,1000.0,52.9,S
2021-06-15T11:05:54,3000.0,52.9,B
2021-06-15T11:05:53,100.0,53.0,B
2021-06-15T11:05:52,200.0,52.9,B
2021-06-15T11:05:48,1000.0,53.0,B
2021-06-15T11:05:47,2500.0,52.9,B
2021-06-15T11:05:47,11600.0,52.9,B
2021-06-15T11:05:47,10100.0,52.9,B
2021-06-15T11:05:47,28500.0,52.9,B
2021-06-15T11:05:41,200.0,52.8,S
2021-06-15T11:05:39,500.0,52.8,S
2021-06-15T11:05:39,1000.0,52.9,B
2021-06-15T11:05:38,1500.0,52.9,B
2021-06-15T11:05:35,300.0,52.8,S
2021-06-15T11:05:29,2000.0,52.8,S
2021-06-15T11:05:25,100.0,52.8,S
2021-06-15T11:05:16,5000.0,52.8,B
2021-06-15T11:05:16,1500.0,52.8,B
2021-06-15T11:05:16,2700.0,52.8,B
2021-06-15T11:05:11,400.0,52.7,S
2021-06-15T11:05:11,2100.0,52.7,S
2021-06-15T11:05:11,9500.0,52.7,S
2021-06-15T11:05:09,200.0,52.7,S
2021-06-15T11:05:04,200.0,52.8,B
2021-06-15T11:04:57,300.0,52.8,B
2021-06-15T11:04:52,100.0,52.8,B
2021-06-15T11:04:51,500.0,52.8,B
2021-06-15T11:04:45,500.0,52.8,B
2021-06-15T11:04:44,1500.0,52.8,B
2021-06-15T11:04:42,1000.0,52.8,S
2021-06-15T11:04:42,3200.0,52.8,S
2021-06-15T11:04:31,7300.0,52.9,B
2021-06-15T11:04:30,4700.0,52.9,B
2021-06-15T11:04:28,1000.0,52.9,B
2021-06-15T11:04:24,2000.0,52.8,S
2021-06-15T11:04:18,2000.0,52.8,S
2021-06-15T11:04:17,100.0,52.9,B
2021-06-15T11:04:04,500.0,52.8,S
2021-06-15T11:04:02,500.0,52.9,S
2021-06-15T11:04:01,500.0,52.9,S
2021-06-15T11:03:55,700.0,52.9,S
2021-06-15T11:03:55,1100.0,52.9,S
2021-06-15T11:03:55,800.0,52.9,S
2021-06-15T11:03:55,2400.0,52.9,S
2021-06-15T11:03:49,300.0,52.9,S
2021-06-15T11:03:45,4200.0,53.0,B
2021-06-15T11:03:43,3500.0,52.9,S
2021-06-15T11:03:37,1600.0,52.9,S
2021-06-15T11:03:34,3300.0,52.9,S
2021-06-15T11:03:31,300.0,53.0,B
2021-06-15T11:03:31,4000.0,53.0,B
2021-06-15T11:03:24,500.0,53.0,B
2021-06-15T11:03:21,42300.0,52.9,S
2021-06-15T11:03:21,1700.0,52.9,S
2021-06-15T11:03:21,900.0,53.0,B
2021-06-15T11:03:19,1000.0,53.0,B
2021-06-15T11:03:18,400.0,53.0,B
2021-06-15T11:03:18,100.0,53.0,B
2021-06-15T11:03:12,6000.0,53.0,S
2021-06-15T11:03:07,2000.0,53.0,S
2021-06-15T11:03:06,1000.0,53.0,S
2021-06-15T11:03:06,1000.0,53.0,S
2021-06-15T11:03:03,6100.0,53.0,S
2021-06-15T11:03:03,2700.0,53.0,S
2021-06-15T11:03:03,3100.0,53.0,S
2021-06-15T11:03:03,1600.0,53.0,S
2021-06-15T11:03:03,100.0,53.0,S
2021-06-15T11:03:03,14200.0,53.0,S
2021-06-15T11:03:03,11100.0,53.0,S
2021-06-15T11:02:59,700.0,53.1,S
2021-06-15T11:02:58,4300.0,53.1,S
2021-06-15T11:02:56,400.0,53.0,S
2021-06-15T11:02:56,4500.0,53.1,S
2021-06-15T11:02:45,1900.0,53.1,S
2021-06-15T11:02:45,100.0,53.1,S
2021-06-15T11:02:45,600.0,53.1,S
2021-06-15T11:02:39,300.0,53.1,S
2021-06-15T11:02:38,1000.0,53.2,B
2021-06-15T11:02:34,200.0,53.1,S
2021-06-15T11:02:34,700.0,53.0,S
2021-06-15T11:02:33,200.0,53.1,S
2021-06-15T11:02:31,100.0,53.1,S
2021-06-15T11:02:29,300.0,53.0,S
2021-06-15T11:02:28,5300.0,53.0,S
2021-06-15T11:02:28,3000.0,53.0,S
2021-06-15T11:02:28,1700.0,53.1,S
2021-06-15T11:02:27,1000.0,53.1,S
2021-06-15T11:02:23,1000.0,53.2,B
2021-06-15T11:02:21,100.0,53.1,S
2021-06-15T11:02:18,100.0,53.1,S
2021-06-15T11:02:14,3700.0,53.2,B
2021-06-15T11:02:10,100.0,53.1,S
2021-06-15T11:02:07,100.0,53.2,B
2021-06-15T11:02:07,100.0,53.0,S
2021-06-15T11:02:07,900.0,53.1,S
2021-06-15T11:02:07,2000.0,53.2,B
2021-06-15T11:02:02,200.0,53.2,B
2021-06-15T11:02:00,5000.0,53.2,B
2021-06-15T11:01:59,2000.0,53.1,S
2021-06-15T11:01:58,5100.0,53.2,B
2021-06-15T11:01:58,100.0,53.1,S
2021-06-15T11:01:56,100.0,53.2,B
2021-06-15T11:01:53,1000.0,53.2,B
2021-06-15T11:01:53,400.0,53.2,B
2021-06-15T11:01:53,9600.0,53.2,B
2021-06-15T11:01:49,100.0,53.1,S
2021-06-15T11:01:49,2000.0,53.2,B
2021-06-15T11:01:47,1000.0,53.2,B
2021-06-15T11:01:39,10900.0,53.2,B
2021-06-15T11:01:39,19100.0,53.1,S
2021-06-15T11:01:36,1100.0,53.1,S
2021-06-15T11:01:34,100.0,53.1,S
2021-06-15T11:01:34,1300.0,53.1,S
2021-06-15T11:01:33,300.0,53.1,S
2021-06-15T11:01:33,2000.0,53.1,S
2021-06-15T11:01:33,2700.0,53.1,S
2021-06-15T11:01:33,1500.0,53.1,S
2021-06-15T11:01:33,900.0,53.1,S
2021-06-15T11:01:33,5400.0,53.1,S
2021-06-15T11:01:26,5000.0,53.2,B
2021-06-15T11:01:24,600.0,53.2,B
2021-06-15T11:01:20,1100.0,53.2,B
2021-06-15T11:01:20,200.0,53.2,B
2021-06-15T11:01:20,5200.0,53.2,B
2021-06-15T11:01:20,1500.0,53.2,B
2021-06-15T11:01:19,600.0,53.1,S
2021-06-15T11:01:19,100.0,53.1,S
2021-06-15T11:01:18,300.0,53.2,B
2021-06-15T11:01:16,200.0,53.2,B
2021-06-15T11:01:14,500.0,53.1,S
2021-06-15T11:01:10,1000.0,53.2,B
2021-06-15T11:01:06,1000.0,53.2,B
2021-06-15T11:01:03,500.0,53.2,B
2021-06-15T11:01:02,1000.0,53.2,B
2021-06-15T11:01:02,2600.0,53.2,B
2021-06-15T11:00:59,1000.0,53.2,B
2021-06-15T11:00:59,4500.0,53.2,B
2021-06-15T11:00:59,200.0,53.2,B
2021-06-15T11:00:54,200.0,53.2,B
2021-06-15T11:00:50,500.0,53.1,S
2021-06-15T11:00:49,400.0,53.2,B
2021-06-15T11:00:49,600.0,53.2,B
2021-06-15T11:00:46,1400.0,53.2,B
2021-06-15T11:00:46,1600.0,53.2,B
2021-06-15T11:00:46,1400.0,53.2,B
2021-06-15T11:00:46,100.0,53.2,B
2021-06-15T11:00:46,300.0,53.2,B
2021-06-15T11:00:46,11200.0,53.2,B
2021-06-15T11:00:46,100.0,53.2,B
2021-06-15T11:00:46,6900.0,53.2,B
2021-06-15T11:00:45,3100.0,53.2,B
2021-06-15T11:00:45,1000.0,53.2,B
2021-06-15T11:00:42,500.0,53.2,B
2021-06-15T11:00:38,500.0,53.1,S
2021-06-15T11:00:38,500.0,53.2,B
2021-06-15T11:00:33,200.0,53.2,B
2021-06-15T11:00:33,700.0,53.2,B
2021-06-15T11:00:32,4500.0,53.2,B
2021-06-15T11:00:29,8000.0,53.1,S
2021-06-15T11:00:26,200.0,53.1,S
2021-06-15T11:00:25,5000.0,53.2,B
2021-06-15T11:00:21,100.0,53.2,B
2021-06-15T11:00:19,1500.0,53.1,S
2021-06-15T11:00:16,300.0,53.2,B
2021-06-15T11:00:14,600.0,53.1,S
2021-06-15T11:00:09,200.0,53.1,S
2021-06-15T11:00:08,3000.0,53.1,S
2021-06-15T11:00:06,100.0,53.1,S
2021-06-15T11:00:03,1000.0,53.1,S
2021-06-15T11:00:01,200.0,53.1,B
2021-06-15T11:00:00,100.0,53.1,B
2021-06-15T10:59:57,1000.0,53.1,B
2021-06-15T10:59:54,700.0,53.1,B
2021-06-15T10:59:54,400.0,53.1,B
2021-06-15T10:59:54,7100.0,53.1,B
2021-06-15T10:59:53,1200.0,53.1,B
2021-06-15T10:59:53,4600.0,53.1,B
2021-06-15T10:59:53,500.0,53.1,B
2021-06-15T10:59:52,2900.0,53.1,B
2021-06-15T10:59:46,10600.0,53.1,B
2021-06-15T10:59:44,300.0,53.1,B
2021-06-15T10:59:42,100.0,53.0,S
2021-06-15T10:59:42,1500.0,53.1,B
2021-06-15T10:59:41,200.0,53.1,B
2021-06-15T10:59:32,7000.0,53.1,B
2021-06-15T10:59:31,2400.0,53.0,S
2021-06-15T10:59:30,100.0,53.0,S
2021-06-15T10:59:27,2000.0,53.0,S
2021-06-15T10:59:27,1000.0,53.0,S
2021-06-15T10:59:21,1500.0,53.0,S
2021-06-15T10:59:21,2500.0,53.0,S
2021-06-15T10:59:16,1000.0,53.1,B
2021-06-15T10:59:14,800.0,53.1,B
2021-06-15T10:59:08,1000.0,53.1,B
2021-06-15T10:59:08,3000.0,53.0,S
2021-06-15T10:59:05,1000.0,53.0,B
2021-06-15T10:59:05,200.0,53.0,B
2021-06-15T10:59:02,300.0,53.0,B
2021-06-15T10:58:55,1000.0,53.0,B
2021-06-15T10:58:55,26200.0,53.0,B
2021-06-15T10:58:48,500.0,53.0,B
2021-06-15T10:58:47,100.0,53.0,B
2021-06-15T10:58:46,300.0,53.0,B
2021-06-15T10:58:46,500.0,53.0,B
2021-06-15T10:58:43,600.0,53.0,B
2021-06-15T10:58:42,2900.0,53.0,B
2021-06-15T10:58:40,3000.0,53.0,B
2021-06-15T10:58:39,500.0,53.0,B
2021-06-15T10:58:37,700.0,53.0,B
2021-06-15T10:58:34,100.0,53.0,B
2021-06-15T10:58:28,6000.0,53.0,B
2021-06-15T10:58:28,500.0,53.0,B
2021-06-15T10:58:28,400.0,53.0,B
2021-06-15T10:58:28,500.0,53.0,B
2021-06-15T10:58:28,4400.0,52.9,S
2021-06-15T10:58:27,1000.0,53.0,B
2021-06-15T10:58:26,500.0,53.0,B
2021-06-15T10:58:23,500.0,53.0,B
2021-06-15T10:58:23,100.0,53.0,B
2021-06-15T10:58:23,700.0,53.0,B
2021-06-15T10:58:23,3700.0,53.0,B
2021-06-15T10:58:23,2600.0,53.0,B
2021-06-15T10:58:23,500.0,53.0,B
2021-06-15T10:58:22,7000.0,53.0,B
2021-06-15T10:58:22,600.0,53.0,B
2021-06-15T10:58:22,1100.0,53.0,B
2021-06-15T10:58:22,1400.0,53.0,B
2021-06-15T10:58:22,2700.0,53.0,B
2021-06-15T10:58:22,300.0,53.0,B
2021-06-15T10:58:22,1900.0,53.0,B
2021-06-15T10:58:22,5000.0,53.0,B
2021-06-15T10:58:22,1700.0,53.0,B
2021-06-15T10:58:22,1500.0,53.0,B
2021-06-15T10:58:22,1100.0,53.0,B
2021-06-15T10:58:22,5500.0,53.0,B
2021-06-15T10:58:22,2700.0,53.0,B
2021-06-15T10:58:20,3100.0,53.0,B
2021-06-15T10:58:08,1500.0,53.0,B
2021-06-15T10:58:08,1800.0,53.0,B
2021-06-15T10:58:08,2200.0,53.0,B
2021-06-15T10:58:08,800.0,53.0,B
2021-06-15T10:58:08,4500.0,53.0,B
2021-06-15T10:58:08,5500.0,53.0,B
2021-06-15T10:58:08,2400.0,53.0,B
2021-06-15T10:58:08,81300.0,53.0,B
2021-06-15T10:58:06,2000.0,53.0,B
2021-06-15T10:58:01,500.0,53.0,B
2021-06-15T10:57:59,100.0,53.0,B
2021-06-15T10:57:56,300.0,53.0,B
2021-06-15T10:57:49,1800.0,53.0,B
2021-06-15T10:57:45,100.0,52.9,S
2021-06-15T10:57:41,2400.0,52.9,S
2021-06-15T10:57:41,1000.0,53.0,B
2021-06-15T10:57:39,1500.0,53.0,B
2021-06-15T10:57:38,400.0,52.9,S
2021-06-15T10:57:33,100.0,53.0,B
2021-06-15T10:57:33,3000.0,53.0,B
2021-06-15T10:57:33,100.0,53.0,B
2021-06-15T10:57:32,33200.0,53.0,B
2021-06-15T10:57:32,3400.0,53.0,B
2021-06-15T10:57:32,500.0,53.0,B
2021-06-15T10:57:32,900.0,53.0,B
2021-06-15T10:57:32,4200.0,53.0,B
2021-06-15T10:57:32,500.0,53.0,B
2021-06-15T10:57:32,3400.0,53.0,B
2021-06-15T10:57:32,2400.0,53.0,B
2021-06-15T10:57:32,100.0,53.0,B
2021-06-15T10:57:32,5700.0,53.0,B
2021-06-15T10:57:32,9800.0,53.0,B
2021-06-15T10:57:30,1000.0,52.9,S
2021-06-15T10:57:30,2100.0,53.0,B
2021-06-15T10:57:29,6000.0,53.0,B
2021-06-15T10:57:29,2000.0,53.0,B
2021-06-15T10:57:27,9800.0,53.0,B
2021-06-15T10:57:25,500.0,53.0,B
2021-06-15T10:57:19,100.0,52.9,S
2021-06-15T10:57:14,200.0,53.0,B
2021-06-15T10:57:14,2500.0,53.0,B
2021-06-15T10:57:11,1000.0,53.0,B
2021-06-15T10:57:06,10100.0,53.0,B
2021-06-15T10:57:06,1700.0,53.0,B
2021-06-15T10:57:06,3200.0,53.0,B
2021-06-15T10:57:06,8600.0,53.0,B
2021-06-15T10:57:06,700.0,53.0,B
2021-06-15T10:57:06,700.0,53.0,B
2021-06-15T10:57:06,4000.0,53.0,B
2021-06-15T10:57:06,1100.0,53.0,B
2021-06-15T10:57:06,5100.0,53.0,B
2021-06-15T10:57:06,700.0,53.0,B
2021-06-15T10:57:06,7900.0,53.0,B
2021-06-15T10:57:06,100.0,53.0,B
2021-06-15T10:57:06,6100.0,53.0,B
2021-06-15T10:57:03,2000.0,53.0,B
2021-06-15T10:56:57,4000.0,53.0,B
2021-06-15T10:56:56,200.0,52.9,S
2021-06-15T10:56:50,200.0,53.0,B
2021-06-15T10:56:46,1500.0,53.0,B
2021-06-15T10:56:43,1800.0,52.9,S
2021-06-15T10:56:42,100.0,53.0,B
2021-06-15T10:56:36,100.0,52.9,S
2021-06-15T10:56:36,600.0,53.0,B
2021-06-15T10:56:35,5000.0,53.0,B
2021-06-15T10:56:35,2100.0,53.0,B
2021-06-15T10:56:33,100.0,52.9,S
2021-06-15T10:56:32,3100.0,53.0,B
2021-06-15T10:56:26,200.0,52.9,S
2021-06-15T10:56:23,100.0,53.0,B
2021-06-15T10:56:23,1500.0,52.9,S
2021-06-15T10:56:09,9800.0,53.0,B
2021-06-15T10:56:09,200.0,53.0,B
2021-06-15T10:56:09,10000.0,53.0,B
2021-06-15T10:56:04,400.0,53.0,B
2021-06-15T10:55:59,300.0,53.0,B
2021-06-15T10:55:55,1600.0,52.9,S
2021-06-15T10:55:55,100.0,53.0,B
2021-06-15T10:55:51,300.0,53.0,B
2021-06-15T10:55:49,300.0,53.0,B
2021-06-15T10:55:45,2000.0,52.9,S
2021-06-15T10:55:44,100.0,53.0,B
2021-06-15T10:55:36,100.0,53.0,B
2021-06-15T10:55:29,100.0,53.0,B
2021-06-15T10:55:29,4900.0,53.0,B
2021-06-15T10:55:20,100.0,53.0,B
2021-06-15T10:55:20,600.0,53.0,B
2021-06-15T10:55:20,200.0,53.0,B
2021-06-15T10:55:19,100.0,53.0,B
2021-06-15T10:55:19,6600.0,53.0,B
2021-06-15T10:55:19,2500.0,53.0,B
2021-06-15T10:55:18,3100.0,53.0,B
2021-06-15T10:55:18,4400.0,53.0,B
2021-06-15T10:55:18,1000.0,53.0,B
2021-06-15T10:55:18,700.0,53.0,B
2021-06-15T10:55:18,5000.0,53.0,B
2021-06-15T10:55:18,2400.0,53.0,B
2021-06-15T10:55:17,3400.0,53.0,B
2021-06-15T10:55:12,100.0,53.0,B
2021-06-15T10:55:07,7000.0,53.0,B
2021-06-15T10:55:05,3200.0,53.0,B
2021-06-15T10:55:03,100.0,53.0,B
2021-06-15T10:55:02,300.0,53.0,B
2021-06-15T10:54:56,100.0,53.0,B
2021-06-15T10:54:54,100.0,52.9,S
2021-06-15T10:54:50,500.0,53.0,B
2021-06-15T10:54:50,200.0,53.0,B
2021-06-15T10:54:45,100.0,53.0,B
2021-06-15T10:54:35,500.0,53.0,B
2021-06-15T10:54:35,2900.0,53.0,B
2021-06-15T10:54:29,100.0,53.0,B
2021-06-15T10:54:24,100.0,53.0,B
2021-06-15T10:54:22,2100.0,52.9,S
2021-06-15T10:54:21,200.0,52.9,S
2021-06-15T10:54:17,100.0,53.0,B
2021-06-15T10:54:16,500.0,52.9,S
2021-06-15T10:54:16,500.0,52.9,S
2021-06-15T10:54:06,1400.0,52.9,S
2021-06-15T10:53:57,100.0,53.0,B
2021-06-15T10:53:56,100.0,52.9,S
2021-06-15T10:53:56,600.0,52.9,S
2021-06-15T10:53:45,100.0,53.0,B
2021-06-15T10:53:42,1000.0,52.9,S
2021-06-15T10:53:27,5200.0,52.9,S
2021-06-15T10:53:20,4000.0,53.0,B
2021-06-15T10:53:18,200.0,53.0,B
2021-06-15T10:53:16,400.0,52.9,B
2021-06-15T10:53:16,200.0,53.0,B
2021-06-15T10:53:14,5500.0,52.9,B
2021-06-15T10:53:14,1200.0,52.9,B
2021-06-15T10:53:14,3100.0,52.9,B
2021-06-15T10:53:14,800.0,52.9,B
2021-06-15T10:53:14,10400.0,52.9,B
2021-06-15T10:53:10,400.0,52.9,B
2021-06-15T10:53:08,700.0,52.9,B
2021-06-15T10:53:07,1600.0,52.9,B
2021-06-15T10:53:06,1500.0,52.9,B
2021-06-15T10:53:06,100.0,52.8,S
2021-06-15T10:53:01,400.0,52.9,B
2021-06-15T10:52:59,300.0,52.9,B
2021-06-15T10:52:58,100.0,52.9,B
2021-06-15T10:52:57,4300.0,52.9,B
2021-06-15T10:52:57,1000.0,52.9,B
2021-06-15T10:52:56,100.0,52.9,B
2021-06-15T10:52:52,2100.0,52.9,B
2021-06-15T10:52:50,2200.0,52.9,B
2021-06-15T10:52:45,2000.0,52.9,B
2021-06-15T10:52:41,1300.0,52.9,B
2021-06-15T10:52:41,1800.0,52.9,B
2021-06-15T10:52:35,1000.0,52.9,B
2021-06-15T10:52:32,500.0,52.9,B
2021-06-15T10:52:31,600.0,52.9,B
2021-06-15T10:52:28,900.0,52.9,B
2021-06-15T10:52:28,4000.0,52.9,B
2021-06-15T10:52:28,3000.0,52.9,B
2021-06-15T10:52:28,5800.0,52.9,B
2021-06-15T10:52:28,10200.0,52.9,B
2021-06-15T10:52:27,100.0,52.9,B
2021-06-15T10:52:25,400.0,52.8,S
2021-06-15T10:52:23,1300.0,52.9,B
2021-06-15T10:52:22,800.0,52.9,B
2021-06-15T10:52:12,200.0,52.9,B
2021-06-15T10:52:10,300.0,52.9,B
2021-06-15T10:51:59,100.0,52.8,S
2021-06-15T10:51:57,100.0,52.8,S
2021-06-15T10:51:54,800.0,52.8,S
2021-06-15T10:51:51,500.0,52.8,S
2021-06-15T10:51:47,5000.0,52.8,S
2021-06-15T10:51:45,5500.0,52.9,B
2021-06-15T10:51:42,100.0,52.8,S
2021-06-15T10:51:40,500.0,52.8,S
2021-06-15T10:51:39,2000.0,52.9,B
2021-06-15T10:51:37,200.0,52.8,S
2021-06-15T10:51:34,1200.0,52.8,S
2021-06-15T10:51:27,1500.0,52.8,S
2021-06-15T10:51:15,9400.0,52.8,B
2021-06-15T10:51:11,200.0,52.8,B
2021-06-15T10:51:09,500.0,52.8,B
2021-06-15T10:51:06,200.0,52.8,B
2021-06-15T10:51:06,20200.0,52.8,B
2021-06-15T10:51:06,800.0,52.9,B
2021-06-15T10:51:06,200.0,52.9,B
2021-06-15T10:51:04,100.0,52.8,B
2021-06-15T10:51:04,5100.0,52.8,B
2021-06-15T10:51:04,100.0,52.8,B
2021-06-15T10:51:04,700.0,52.8,B
2021-06-15T10:51:04,100.0,52.8,B
2021-06-15T10:51:03,4700.0,52.8,B
2021-06-15T10:51:03,1000.0,52.7,S
2021-06-15T10:51:02,1500.0,52.8,B
2021-06-15T10:50:52,400.0,52.8,B
2021-06-15T10:50:52,100.0,52.8,B
2021-06-15T10:50:52,600.0,52.8,B
2021-06-15T10:50:52,500.0,52.8,B
2021-06-15T10:50:51,4100.0,52.8,B
2021-06-15T10:50:51,100.0,52.8,B
2021-06-15T10:50:49,1300.0,52.8,B
2021-06-15T10:50:49,100.0,52.8,B
2021-06-15T10:50:49,600.0,52.8,B
2021-06-15T10:50:45,700.0,52.8,B
2021-06-15T10:50:41,10000.0,52.8,B
2021-06-15T10:50:38,100.0,52.8,B
2021-06-15T10:50:32,500.0,52.8,B
2021-06-15T10:50:31,3500.0,52.8,B
2021-06-15T10:50:30,5100.0,52.8,B
2021-06-15T10:50:30,2100.0,52.8,B
2021-06-15T10:50:29,11500.0,52.8,B
2021-06-15T10:50:29,3300.0,52.8,B
2021-06-15T10:50:29,600.0,52.8,B
2021-06-15T10:50:29,7400.0,52.8,B
2021-06-15T10:50:29,3400.0,52.8,B
2021-06-15T10:50:27,500.0,52.8,B
2021-06-15T10:50:25,1000.0,52.8,B
2021-06-15T10:50:21,800.0,52.8,B
2021-06-15T10:50:18,100.0,52.8,B
2021-06-15T10:50:15,900.0,52.8,B
2021-06-15T10:50:09,100.0,52.7,S
2021-06-15T10:50:08,500.0,52.8,B
2021-06-15T10:50:01,700.0,52.8,B
2021-06-15T10:50:00,200.0,52.8,B
2021-06-15T10:49:56,100.0,52.7,B
2021-06-15T10:49:56,1000.0,52.7,B
2021-06-15T10:49:54,100.0,52.7,B
2021-06-15T10:49:46,1400.0,52.8,B
2021-06-15T10:49:45,200.0,52.7,B
2021-06-15T10:49:45,300.0,52.7,B
2021-06-15T10:49:41,1500.0,52.7,B
2021-06-15T10:49:37,700.0,52.7,B
2021-06-15T10:49:35,200.0,52.7,B
2021-06-15T10:49:33,1400.0,52.7,B
2021-06-15T10:49:31,100.0,52.7,B
2021-06-15T10:49:23,400.0,52.7,B
2021-06-15T10:49:23,200.0,52.7,B
2021-06-15T10:49:23,300.0,52.7,B
2021-06-15T10:49:23,4600.0,52.7,B
2021-06-15T10:49:23,500.0,52.7,B
2021-06-15T10:49:16,1000.0,52.7,B
2021-06-15T10:49:15,1700.0,52.7,B
2021-06-15T10:49:15,1800.0,52.7,B
2021-06-15T10:49:12,200.0,52.7,B
2021-06-15T10:49:10,2000.0,52.7,B
2021-06-15T10:49:06,400.0,52.6,S
2021-06-15T10:49:06,800.0,52.7,B
2021-06-15T10:49:06,300.0,52.6,S
2021-06-15T10:48:59,6000.0,52.7,B
2021-06-15T10:48:59,500.0,52.7,B
2021-06-15T10:48:50,10000.0,52.6,S
2021-06-15T10:48:50,700.0,52.7,B
2021-06-15T10:48:50,400.0,52.7,B
2021-06-15T10:48:50,500.0,52.7,B
2021-06-15T10:48:46,500.0,52.7,B
2021-06-15T10:48:46,1100.0,52.7,B
2021-06-15T10:48:46,400.0,52.7,B
2021-06-15T10:48:44,100.0,52.7,B
2021-06-15T10:48:42,100.0,52.7,B
2021-06-15T10:48:38,1800.0,52.7,B
2021-06-15T10:48:38,1500.0,52.7,B
2021-06-15T10:48:36,800.0,52.7,B
2021-06-15T10:48:34,900.0,52.7,B
2021-06-15T10:48:28,500.0,52.7,B
2021-06-15T10:48:26,500.0,52.7,B
2021-06-15T10:48:25,200.0,52.6,B
2021-06-15T10:48:15,100.0,52.7,B
2021-06-15T10:48:15,1400.0,52.6,B
2021-06-15T10:48:12,2200.0,52.7,B
2021-06-15T10:48:11,2500.0,52.6,B
2021-06-15T10:48:11,2400.0,52.6,B
2021-06-15T10:48:09,11900.0,52.6,B
2021-06-15T10:48:09,500.0,52.6,B
2021-06-15T10:48:09,1100.0,52.6,B
2021-06-15T10:48:09,100.0,52.6,B
2021-06-15T10:48:09,3600.0,52.6,B
2021-06-15T10:48:09,2300.0,52.6,B
2021-06-15T10:48:09,20000.0,52.6,B
2021-06-15T10:48:08,900.0,52.6,B
2021-06-15T10:48:08,300.0,52.6,B
2021-06-15T10:48:03,5000.0,52.6,B
2021-06-15T10:48:03,500.0,52.6,B
2021-06-15T10:47:58,1000.0,52.6,B
2021-06-15T10:47:55,100.0,52.6,B
2021-06-15T10:47:53,3000.0,52.6,B
2021-06-15T10:47:48,100.0,52.5,S
2021-06-15T10:47:46,800.0,52.6,B
2021-06-15T10:47:46,1000.0,52.6,B
2021-06-15T10:47:42,600.0,52.5,S
2021-06-15T10:47:41,400.0,52.5,S
2021-06-15T10:47:40,1000.0,52.5,S
2021-06-15T10:47:34,200.0,52.5,S
2021-06-15T10:47:31,10000.0,52.6,B
2021-06-15T10:47:29,2000.0,52.5,S
2021-06-15T10:47:27,300.0,52.5,S
2021-06-15T10:47:26,500.0,52.6,B
2021-06-15T10:47:24,500.0,52.5,S
2021-06-15T10:47:23,100.0,52.5,S
2021-06-15T10:47:16,100.0,52.5,B
2021-06-15T10:47:16,1900.0,52.5,B
2021-06-15T10:47:16,300.0,52.5,B
2021-06-15T10:47:15,6000.0,52.5,B
2021-06-15T10:47:15,1000.0,52.5,B
2021-06-15T10:47:13,600.0,52.5,B
2021-06-15T10:47:12,500.0,52.5,B
2021-06-15T10:47:12,100.0,52.5,B
2021-06-15T10:47:12,400.0,52.5,B
2021-06-15T10:47:12,11500.0,52.5,B
2021-06-15T10:47:10,2200.0,52.5,B
2021-06-15T10:47:09,100.0,52.5,B
2021-06-15T10:47:08,200.0,52.5,B
2021-06-15T10:47:08,1000.0,52.4,S
2021-06-15T10:47:08,10000.0,52.5,B
2021-06-15T10:47:06,100.0,52.5,B
2021-06-15T10:47:04,100.0,52.5,B
2021-06-15T10:47:04,4000.0,52.5,B
2021-06-15T10:47:04,2000.0,52.5,B
2021-06-15T10:47:00,1000.0,52.5,B
2021-06-15T10:47:00,5000.0,52.5,B
2021-06-15T10:46:59,100.0,52.5,B
2021-06-15T10:46:57,10000.0,52.5,B
2021-06-15T10:46:56,2000.0,52.5,B
2021-06-15T10:46:55,1500.0,52.5,B
2021-06-15T10:46:55,1000.0,52.5,B
2021-06-15T10:46:54,1000.0,52.5,B
2021-06-15T10:46:54,400.0,52.5,B
2021-06-15T10:46:53,5000.0,52.5,B
2021-06-15T10:46:53,100.0,52.5,B
2021-06-15T10:46:52,1700.0,52.5,B
2021-06-15T10:46:52,400.0,52.5,B
2021-06-15T10:46:48,9600.0,52.5,B
2021-06-15T10:46:47,500.0,52.5,B
2021-06-15T10:46:39,3200.0,52.5,B
2021-06-15T10:46:38,300.0,52.5,B
2021-06-15T10:46:29,1600.0,52.5,B
2021-06-15T10:46:27,100.0,52.5,B
2021-06-15T10:46:24,800.0,52.5,B
2021-06-15T10:46:23,5000.0,52.5,B
2021-06-15T10:46:20,9000.0,52.5,B
2021-06-15T10:46:19,100.0,52.5,B
2021-06-15T10:46:18,200.0,52.5,B
2021-06-15T10:46:14,1500.0,52.5,B
2021-06-15T10:46:11,500.0,52.4,S
2021-06-15T10:46:10,3000.0,52.5,B
2021-06-15T10:46:10,500.0,52.5,B
2021-06-15T10:46:08,500.0,52.5,B
2021-06-15T10:46:05,500.0,52.5,B
2021-06-15T10:46:05,2200.0,52.4,S
2021-06-15T10:46:02,1000.0,52.5,B
2021-06-15T10:46:02,800.0,52.5,B
2021-06-15T10:46:02,100.0,52.5,B
2021-06-15T10:46:01,9400.0,52.5,B
2021-06-15T10:45:59,6000.0,52.4,S
2021-06-15T10:45:56,100.0,52.5,B
2021-06-15T10:45:54,2000.0,52.5,B
2021-06-15T10:45:53,1000.0,52.5,B
2021-06-15T10:45:49,200.0,52.5,B
2021-06-15T10:45:47,100.0,52.4,S
2021-06-15T10:45:47,200.0,52.5,B
2021-06-15T10:45:47,100.0,52.5,B
2021-06-15T10:45:45,3600.0,52.5,B
2021-06-15T10:45:45,4400.0,52.5,B
2021-06-15T10:45:44,100.0,52.5,B
2021-06-15T10:45:42,1500.0,52.5,B
2021-06-15T10:45:42,2700.0,52.5,B
2021-06-15T10:45:39,300.0,52.5,B
2021-06-15T10:45:38,100.0,52.5,B
2021-06-15T10:45:37,5000.0,52.5,B
2021-06-15T10:45:36,300.0,52.5,B
2021-06-15T10:45:33,200.0,52.5,B
2021-06-15T10:45:23,800.0,52.5,B
2021-06-15T10:45:17,500.0,52.4,B
2021-06-15T10:45:13,500.0,52.5,B
2021-06-15T10:45:11,500.0,52.5,B
2021-06-15T10:45:07,1400.0,52.4,B
2021-06-15T10:45:02,800.0,52.5,B
2021-06-15T10:44:56,2000.0,52.4,B
2021-06-15T10:44:51,3300.0,52.4,B
2021-06-15T10:44:51,7800.0,52.4,B
2021-06-15T10:44:48,500.0,52.4,B
2021-06-15T10:44:47,1600.0,52.4,B
2021-06-15T10:44:47,300.0,52.4,B
2021-06-15T10:44:47,100.0,52.4,B
2021-06-15T10:44:46,10100.0,52.4,B
2021-06-15T10:44:46,5500.0,52.4,B
2021-06-15T10:44:44,500.0,52.4,B
2021-06-15T10:44:44,3000.0,52.4,B
2021-06-15T10:44:43,200.0,52.4,B
2021-06-15T10:44:42,500.0,52.4,B
2021-06-15T10:44:42,5000.0,52.4,B
2021-06-15T10:44:42,1000.0,52.4,B
2021-06-15T10:44:39,2000.0,52.4,B
2021-06-15T10:44:37,200.0,52.4,B
2021-06-15T10:44:36,1400.0,52.4,B
2021-06-15T10:44:36,1000.0,52.4,B
2021-06-15T10:44:30,5000.0,52.4,B
2021-06-15T10:44:28,5000.0,52.4,B
2021-06-15T10:44:26,3200.0,52.4,B
2021-06-15T10:44:25,500.0,52.4,B
2021-06-15T10:44:23,200.0,52.4,B
2021-06-15T10:44:21,500.0,52.4,B
2021-06-15T10:44:15,2400.0,52.4,B
2021-06-15T10:44:15,1500.0,52.4,B
2021-06-15T10:44:15,1500.0,52.4,B
2021-06-15T10:44:15,4600.0,52.4,B
2021-06-15T10:44:15,1000.0,52.3,S
2021-06-15T10:44:14,2000.0,52.3,S
2021-06-15T10:44:13,3000.0,52.4,B
2021-06-15T10:44:11,5000.0,52.3,B
2021-06-15T10:44:08,300.0,52.3,B
2021-06-15T10:44:06,500.0,52.3,B
2021-06-15T10:44:04,1000.0,52.4,B
2021-06-15T10:44:02,4500.0,52.3,B
2021-06-15T10:44:00,1300.0,52.3,B
2021-06-15T10:43:57,2000.0,52.3,B
2021-06-15T10:43:51,100.0,52.3,B
2021-06-15T10:43:50,1000.0,52.4,B
2021-06-15T10:43:44,200.0,52.3,B
2021-06-15T10:43:43,2000.0,52.3,B
2021-06-15T10:43:41,700.0,52.3,B
2021-06-15T10:43:40,100.0,52.3,B
2021-06-15T10:43:38,4800.0,52.4,B
2021-06-15T10:43:35,2500.0,52.3,B
2021-06-15T10:43:34,1200.0,52.3,B
2021-06-15T10:43:33,2000.0,52.3,B
2021-06-15T10:43:33,1600.0,52.2,B
2021-06-15T10:43:33,6600.0,52.2,B
2021-06-15T10:43:33,800.0,52.2,B
2021-06-15T10:43:31,8500.0,52.3,B
2021-06-15T10:43:28,2000.0,52.2,B
2021-06-15T10:43:23,200.0,52.2,B
2021-06-15T10:43:21,1000.0,52.2,B
2021-06-15T10:43:20,5000.0,52.3,B
2021-06-15T10:43:08,200.0,52.3,B
2021-06-15T10:43:08,300.0,52.3,B
2021-06-15T10:43:08,1000.0,52.2,B
2021-06-15T10:43:07,500.0,52.3,B
2021-06-15T10:43:06,1000.0,52.2,B
2021-06-15T10:43:05,3000.0,52.2,B
2021-06-15T10:43:03,300.0,52.3,B
2021-06-15T10:43:02,1000.0,52.2,B
2021-06-15T10:43:02,600.0,52.2,B
2021-06-15T10:43:02,500.0,52.2,B
2021-06-15T10:43:00,100.0,52.2,B
2021-06-15T10:42:55,400.0,52.2,B
2021-06-15T10:42:50,100.0,52.1,B
2021-06-15T10:42:48,1000.0,52.1,B
2021-06-15T10:42:47,600.0,52.1,B
2021-06-15T10:42:47,1600.0,52.3,B
2021-06-15T10:42:47,400.0,52.3,B
2021-06-15T10:42:47,400.0,52.3,B
2021-06-15T10:42:47,1200.0,52.2,B
2021-06-15T10:42:46,1000.0,52.1,B
2021-06-15T10:42:46,1000.0,52.1,B
2021-06-15T10:42:46,200.0,52.2,B
2021-06-15T10:42:38,100.0,52.1,B
2021-06-15T10:42:37,100.0,52.2,B
2021-06-15T10:42:37,400.0,52.0,S
2021-06-15T10:42:36,2000.0,52.0,S
2021-06-15T10:42:36,5600.0,52.0,S
2021-06-15T10:42:33,4000.0,52.2,B
2021-06-15T10:42:32,100.0,52.2,B
2021-06-15T10:42:30,200.0,52.1,B
2021-06-15T10:42:29,6000.0,52.1,B
2021-06-15T10:42:29,100.0,52.1,B
2021-06-15T10:42:27,1000.0,52.1,B
2021-06-15T10:42:22,1100.0,52.2,B
2021-06-15T10:42:22,3900.0,52.2,B
2021-06-15T10:42:22,100.0,52.2,B
2021-06-15T10:42:22,19900.0,52.2,B
2021-06-15T10:42:22,200.0,52.1,B
2021-06-15T10:42:18,100.0,52.0,S
2021-06-15T10:42:18,600.0,52.1,B
2021-06-15T10:42:18,6300.0,52.1,B
2021-06-15T10:42:17,100.0,52.1,B
2021-06-15T10:42:17,5200.0,52.1,B
2021-06-15T10:42:17,800.0,52.1,B
2021-06-15T10:42:17,1900.0,52.1,B
2021-06-15T10:42:17,300.0,52.1,B
2021-06-15T10:42:17,12300.0,52.1,B
2021-06-15T10:42:17,3800.0,52.1,B
2021-06-15T10:42:17,7500.0,52.1,B
2021-06-15T10:42:17,3300.0,52.1,B
2021-06-15T10:42:17,6500.0,52.1,B
2021-06-15T10:42:17,2000.0,52.1,B
2021-06-15T10:42:15,200.0,52.0,S
2021-06-15T10:42:10,600.0,52.1,B
2021-06-15T10:42:08,200.0,52.1,B
2021-06-15T10:42:07,500.0,52.1,B
2021-06-15T10:42:07,1000.0,52.1,B
2021-06-15T10:42:07,19100.0,52.1,B
2021-06-15T10:42:03,1800.0,52.0,S
2021-06-15T10:42:03,2200.0,52.0,S
2021-06-15T10:42:02,1000.0,52.1,B
2021-06-15T10:42:00,5000.0,52.1,B
2021-06-15T10:41:57,400.0,52.1,B
2021-06-15T10:41:56,1200.0,52.1,B
2021-06-15T10:41:56,1000.0,52.1,B
2021-06-15T10:41:55,1000.0,52.1,B
2021-06-15T10:41:50,100.0,52.1,B
2021-06-15T10:41:49,600.0,52.1,B
2021-06-15T10:41:49,100.0,52.1,B
2021-06-15T10:41:49,1000.0,52.0,S
2021-06-15T10:41:48,2500.0,52.0,S
2021-06-15T10:41:46,2000.0,52.1,B
2021-06-15T10:41:46,100.0,52.1,B
2021-06-15T10:41:45,1500.0,52.1,B
2021-06-15T10:41:42,1000.0,52.0,S
2021-06-15T10:41:42,1000.0,52.1,B
2021-06-15T10:41:40,3100.0,52.1,B
2021-06-15T10:41:38,500.0,52.1,B
2021-06-15T10:41:37,500.0,52.0,S
2021-06-15T10:41:36,2000.0,52.1,B
2021-06-15T10:41:36,200.0,52.1,B
2021-06-15T10:41:34,700.0,52.0,S
2021-06-15T10:41:33,200.0,52.1,B
2021-06-15T10:41:32,200.0,52.1,B
2021-06-15T10:41:32,100.0,52.1,B
2021-06-15T10:41:30,2400.0,52.1,B
2021-06-15T10:41:29,1400.0,52.1,B
2021-06-15T10:41:27,400.0,52.0,S
2021-06-15T10:41:27,800.0,52.0,S
2021-06-15T10:41:27,1600.0,52.0,S
2021-06-15T10:41:27,4400.0,52.0,S
2021-06-15T10:41:21,200.0,52.1,B
2021-06-15T10:41:19,1000.0,52.1,B
2021-06-15T10:41:18,200.0,52.0,S
2021-06-15T10:41:16,200.0,52.1,B
2021-06-15T10:41:15,200.0,52.1,B
2021-06-15T10:41:15,100.0,52.1,B
2021-06-15T10:41:11,100.0,52.1,B
2021-06-15T10:41:06,4800.0,52.1,B
2021-06-15T10:41:06,400.0,52.1,B
2021-06-15T10:41:00,100.0,52.0,S
2021-06-15T10:41:00,200.0,52.1,B
2021-06-15T10:40:59,10000.0,52.1,B
2021-06-15T10:40:58,1000.0,52.1,B
2021-06-15T10:40:58,5000.0,52.1,B
2021-06-15T10:40:58,500.0,52.1,B
2021-06-15T10:40:57,10000.0,52.1,B
2021-06-15T10:40:57,5400.0,52.0,S
2021-06-15T10:40:55,5000.0,52.1,B
2021-06-15T10:40:54,100.0,52.1,B
2021-06-15T10:40:51,200.0,52.0,S
2021-06-15T10:40:51,100.0,52.1,B
2021-06-15T10:40:48,1200.0,52.1,B
2021-06-15T10:40:46,6000.0,52.1,B
2021-06-15T10:40:41,100.0,52.0,S
2021-06-15T10:40:40,700.0,52.0,S
2021-06-15T10:40:40,600.0,52.0,S
2021-06-15T10:40:39,100.0,52.0,S
2021-06-15T10:40:38,1000.0,52.0,S
2021-06-15T10:40:36,3900.0,52.1,B
2021-06-15T10:40:35,1300.0,52.1,B
2021-06-15T10:40:35,5000.0,52.1,B
2021-06-15T10:40:33,1200.0,52.1,B
2021-06-15T10:40:33,700.0,52.0,S
2021-06-15T10:40:32,500.0,52.1,B
2021-06-15T10:40:31,100.0,52.1,B
2021-06-15T10:40:29,700.0,52.0,S
2021-06-15T10:40:28,100.0,52.0,S
2021-06-15T10:40:27,1200.0,52.1,B
2021-06-15T10:40:26,300.0,52.1,B
2021-06-15T10:40:26,300.0,52.1,B
2021-06-15T10:40:25,4500.0,52.0,S
2021-06-15T10:40:25,2200.0,52.0,S
2021-06-15T10:40:25,4100.0,52.0,S
2021-06-15T10:40:25,3600.0,52.0,S
2021-06-15T10:40:25,1100.0,52.0,S
2021-06-15T10:40:25,1900.0,52.0,S
2021-06-15T10:40:25,700.0,52.0,S
2021-06-15T10:40:25,800.0,52.0,S
2021-06-15T10:40:25,1100.0,52.0,S
2021-06-15T10:40:25,200.0,52.0,S
2021-06-15T10:40:24,1000.0,52.1,B
2021-06-15T10:40:22,1000.0,52.0,S
2021-06-15T10:40:20,500.0,52.1,B
2021-06-15T10:40:20,300.0,52.0,S
2021-06-15T10:40:20,1000.0,52.0,S
2021-06-15T10:40:19,200.0,52.1,B
2021-06-15T10:40:18,1400.0,52.0,S
2021-06-15T10:40:18,600.0,52.0,S
2021-06-15T10:40:18,2200.0,52.0,S
2021-06-15T10:40:17,1400.0,52.0,S
2021-06-15T10:40:16,300.0,52.1,B
2021-06-15T10:40:15,2800.0,52.1,B
2021-06-15T10:40:14,700.0,52.1,B
2021-06-15T10:40:14,38000.0,52.1,B
2021-06-15T10:40:13,4000.0,52.1,B
2021-06-15T10:40:11,1000.0,52.1,B
2021-06-15T10:40:10,10000.0,52.0,S
2021-06-15T10:40:04,300.0,52.0,S
2021-06-15T10:40:04,100.0,52.1,B
2021-06-15T10:40:03,100.0,52.0,S
2021-06-15T10:40:03,100.0,52.0,S
2021-06-15T10:40:02,10000.0,52.0,S
2021-06-15T10:40:02,1000.0,52.0,S
2021-06-15T10:40:02,1000.0,52.1,B
2021-06-15T10:40:00,400.0,52.0,S
2021-06-15T10:40:00,4900.0,52.0,S
2021-06-15T10:39:57,15000.0,52.1,B
2021-06-15T10:39:55,4700.0,52.0,S
2021-06-15T10:39:55,700.0,52.0,S
2021-06-15T10:39:54,2000.0,52.0,S
2021-06-15T10:39:52,2000.0,52.0,S
2021-06-15T10:39:51,1000.0,52.0,S
2021-06-15T10:39:51,200.0,52.0,S
2021-06-15T10:39:51,1200.0,52.1,B
2021-06-15T10:39:49,600.0,52.1,B
2021-06-15T10:39:43,100.0,52.1,B
2021-06-15T10:39:43,3500.0,52.1,B
2021-06-15T10:39:43,1200.0,52.1,B
2021-06-15T10:39:42,20000.0,52.1,B
2021-06-15T10:39:42,500.0,52.1,B
2021-06-15T10:39:41,800.0,52.1,B
2021-06-15T10:39:36,1200.0,52.1,B
2021-06-15T10:39:29,400.0,52.0,S
2021-06-15T10:39:29,100.0,52.0,S
2021-06-15T10:39:29,1500.0,52.0,S
2021-06-15T10:39:28,2400.0,52.1,B
2021-06-15T10:39:27,200.0,52.0,S
2021-06-15T10:39:27,7700.0,52.0,S
2021-06-15T10:39:26,5000.0,52.0,S
2021-06-15T10:39:26,200.0,52.1,B
2021-06-15T10:39:24,1200.0,52.1,B
2021-06-15T10:39:23,1200.0,52.0,S
2021-06-15T10:39:22,1000.0,52.1,B
2021-06-15T10:39:18,500.0,52.1,B
2021-06-15T10:39:16,1200.0,52.1,B
2021-06-15T10:39:14,100.0,52.0,S
2021-06-15T10:39:11,1000.0,52.1,B
2021-06-15T10:39:09,2000.0,52.1,B
2021-06-15T10:39:07,500.0,52.0,S
2021-06-15T10:39:04,2200.0,52.0,S
2021-06-15T10:39:02,1200.0,52.0,S
2021-06-15T10:39:00,3800.0,52.0,S
2021-06-15T10:38:58,1000.0,52.1,B
2021-06-15T10:38:58,300.0,52.1,B
2021-06-15T10:38:57,1200.0,52.1,B
2021-06-15T10:38:55,300.0,52.1,B
2021-06-15T10:38:52,1000.0,52.0,S
2021-06-15T10:38:51,500.0,52.0,S
2021-06-15T10:38:50,3800.0,52.0,S
2021-06-15T10:38:49,500.0,52.0,S
2021-06-15T10:38:49,13600.0,52.0,S
2021-06-15T10:38:49,25100.0,52.0,S
2021-06-15T10:38:48,200.0,52.1,B
2021-06-15T10:38:48,1000.0,52.1,B
2021-06-15T10:38:48,100.0,52.0,S
2021-06-15T10:38:46,400.0,52.1,B
2021-06-15T10:38:46,800.0,52.1,B
2021-06-15T10:38:42,800.0,52.1,B
2021-06-15T10:38:38,1000.0,52.1,B
2021-06-15T10:38:37,300.0,52.1,B
2021-06-15T10:38:36,300.0,52.1,B
2021-06-15T10:38:36,1200.0,52.1,B
2021-06-15T10:38:35,1000.0,52.0,S
2021-06-15T10:38:33,1000.0,52.0,S
2021-06-15T10:38:32,300.0,52.1,B
2021-06-15T10:38:32,200.0,52.0,S
2021-06-15T10:38:31,100.0,52.0,S
2021-06-15T10:38:28,200.0,52.0,S
2021-06-15T10:38:27,1500.0,52.1,B
2021-06-15T10:38:26,800.0,52.1,B
2021-06-15T10:38:26,300.0,52.0,S
2021-06-15T10:38:25,100.0,52.0,S
2021-06-15T10:38:23,500.0,52.1,B
2021-06-15T10:38:23,100.0,52.0,S
2021-06-15T10:38:22,2400.0,52.0,S
2021-06-15T10:38:22,600.0,52.0,S
2021-06-15T10:38:19,500.0,52.0,S
2021-06-15T10:38:18,1200.0,52.1,B
2021-06-15T10:38:16,200.0,52.0,S
2021-06-15T10:38:15,300.0,52.0,S
2021-06-15T10:38:13,4400.0,52.0,S
2021-06-15T10:38:13,200.0,52.0,S
2021-06-15T10:38:13,3600.0,52.0,S
2021-06-15T10:38:13,4900.0,52.0,S
2021-06-15T10:38:13,400.0,52.0,S
2021-06-15T10:38:13,1100.0,52.0,S
2021-06-15T10:38:13,10400.0,52.0,S
2021-06-15T10:38:13,300.0,52.0,S
2021-06-15T10:38:10,900.0,52.0,S
2021-06-15T10:38:10,7600.0,52.0,S
2021-06-15T10:38:08,900.0,52.0,S
2021-06-15T10:38:08,1600.0,52.1,B
2021-06-15T10:38:08,100.0,52.1,B
2021-06-15T10:38:08,800.0,52.1,B
2021-06-15T10:38:08,4700.0,52.1,B
2021-06-15T10:38:08,8800.0,52.1,B
2021-06-15T10:38:07,200.0,52.0,S
2021-06-15T10:38:04,200.0,52.1,B
2021-06-15T10:38:04,800.0,52.1,B
2021-06-15T10:38:03,3200.0,52.0,S
2021-06-15T10:38:03,1000.0,52.1,B
2021-06-15T10:38:03,1000.0,52.0,S
2021-06-15T10:38:02,5900.0,52.0,S
2021-06-15T10:38:01,200.0,52.0,S
2021-06-15T10:37:59,1000.0,52.0,S
2021-06-15T10:37:59,300.0,52.0,S
2021-06-15T10:37:59,1000.0,52.0,S
2021-06-15T10:37:58,2300.0,52.0,S
2021-06-15T10:37:56,2700.0,52.0,S
2021-06-15T10:37:56,11000.0,52.0,S
2021-06-15T10:37:55,2000.0,52.0,S
2021-06-15T10:37:51,1600.0,52.0,S
2021-06-15T10:37:51,900.0,52.0,S
2021-06-15T10:37:51,1900.0,52.0,S
2021-06-15T10:37:51,500.0,52.0,S
2021-06-15T10:37:49,1000.0,52.1,B
2021-06-15T10:37:48,5000.0,52.0,S
2021-06-15T10:37:39,1000.0,52.0,S
2021-06-15T10:37:38,400.0,52.0,S
2021-06-15T10:37:36,6000.0,52.0,S
2021-06-15T10:37:35,100.0,52.1,B
2021-06-15T10:37:34,800.0,52.1,B
2021-06-15T10:37:33,500.0,52.0,S
2021-06-15T10:37:33,1500.0,52.0,S
2021-06-15T10:37:32,200.0,52.0,S
2021-06-15T10:37:31,100.0,52.1,B
2021-06-15T10:37:26,10000.0,52.0,S
2021-06-15T10:37:25,2300.0,52.1,B
2021-06-15T10:37:23,2000.0,52.1,B
2021-06-15T10:37:22,5000.0,52.0,S
2021-06-15T10:37:20,1000.0,52.0,S
2021-06-15T10:37:20,900.0,52.0,S
2021-06-15T10:37:20,500.0,52.0,S
2021-06-15T10:37:20,100.0,52.1,S
2021-06-15T10:37:16,200.0,52.1,S
2021-06-15T10:37:16,1000.0,52.1,S
2021-06-15T10:37:15,1000.0,52.0,S
2021-06-15T10:37:14,100.0,52.1,S
2021-06-15T10:37:11,4800.0,52.0,S
2021-06-15T10:37:11,1200.0,52.0,S
2021-06-15T10:37:10,5000.0,52.0,S
2021-06-15T10:37:04,100.0,52.1,S
2021-06-15T10:37:03,500.0,52.0,S
2021-06-15T10:37:03,1000.0,52.0,S
2021-06-15T10:37:01,200.0,52.1,S
2021-06-15T10:37:00,800.0,52.1,S
2021-06-15T10:36:58,500.0,52.1,S
2021-06-15T10:36:56,1700.0,52.0,S
2021-06-15T10:36:55,700.0,52.0,S
2021-06-15T10:36:53,200.0,52.1,S
2021-06-15T10:36:53,100.0,52.0,S
2021-06-15T10:36:49,300.0,52.0,S
2021-06-15T10:36:49,1600.0,52.0,S
2021-06-15T10:36:49,1500.0,52.0,S
2021-06-15T10:36:49,1100.0,52.0,S
2021-06-15T10:36:49,500.0,52.0,S
2021-06-15T10:36:48,500.0,52.0,S
2021-06-15T10:36:47,1300.0,52.1,S
2021-06-15T10:36:43,1000.0,52.1,S
2021-06-15T10:36:42,600.0,52.1,S
2021-06-15T10:36:39,800.0,52.1,S
2021-06-15T10:36:30,1200.0,52.1,S
2021-06-15T10:36:25,300.0,52.1,S
2021-06-15T10:36:19,3000.0,52.0,S
2021-06-15T10:36:17,300.0,52.1,S
2021-06-15T10:36:15,100.0,52.0,S
2021-06-15T10:36:15,3000.0,52.0,S
2021-06-15T10:36:14,100.0,52.1,S
2021-06-15T10:36:14,400.0,52.1,S
2021-06-15T10:36:14,100.0,52.1,S
2021-06-15T10:36:13,100.0,52.1,S
2021-06-15T10:36:12,400.0,52.0,S
2021-06-15T10:36:12,100.0,52.0,S
2021-06-15T10:36:11,100.0,52.0,S
2021-06-15T10:36:09,200.0,52.0,S
2021-06-15T10:36:09,100.0,52.1,S
2021-06-15T10:36:08,200.0,52.1,S
2021-06-15T10:36:06,300.0,52.1,S
2021-06-15T10:36:06,3000.0,52.0,S
2021-06-15T10:36:01,100.0,52.1,S
2021-06-15T10:36:00,100.0,52.1,S
2021-06-15T10:35:58,100.0,52.1,S
2021-06-15T10:35:55,500.0,52.1,S
2021-06-15T10:35:55,200.0,52.0,S
2021-06-15T10:35:55,900.0,52.0,S
2021-06-15T10:35:55,800.0,52.0,S
2021-06-15T10:35:55,1900.0,52.0,S
2021-06-15T10:35:54,1000.0,52.1,S
2021-06-15T10:35:49,10000.0,52.1,S
2021-06-15T10:35:48,200.0,52.1,S
2021-06-15T10:35:47,1000.0,52.0,S
2021-06-15T10:35:47,500.0,52.1,S
2021-06-15T10:35:35,200.0,52.1,S
2021-06-15T10:35:33,800.0,52.1,S
2021-06-15T10:35:28,200.0,52.1,S
2021-06-15T10:35:20,800.0,52.1,S
2021-06-15T10:35:17,1200.0,52.1,S
2021-06-15T10:35:15,2500.0,52.1,S
2021-06-15T10:35:14,100.0,52.1,S
2021-06-15T10:35:14,100.0,52.0,S
2021-06-15T10:35:13,1200.0,52.0,S
2021-06-15T10:35:13,2500.0,52.0,S
2021-06-15T10:35:13,700.0,52.0,S
2021-06-15T10:35:13,2600.0,52.0,S
2021-06-15T10:35:13,1000.0,52.0,S
2021-06-15T10:35:13,400.0,52.0,S
2021-06-15T10:35:13,2400.0,52.0,S
2021-06-15T10:35:13,1800.0,52.0,S
2021-06-15T10:35:13,100.0,52.0,S
2021-06-15T10:35:13,100.0,52.0,S
2021-06-15T10:35:13,600.0,52.0,S
2021-06-15T10:35:13,1000.0,52.0,S
2021-06-15T10:35:13,500.0,52.0,S
2021-06-15T10:35:12,500.0,52.1,S
2021-06-15T10:35:12,1200.0,52.0,S
2021-06-15T10:35:02,200.0,52.1,S
2021-06-15T10:34:59,2100.0,52.1,S
2021-06-15T10:34:59,1400.0,52.2,S
2021-06-15T10:34:55,500.0,52.1,S
2021-06-15T10:34:54,1000.0,52.2,S
2021-06-15T10:34:54,800.0,52.1,S
2021-06-15T10:34:54,300.0,52.1,S
2021-06-15T10:34:50,5800.0,52.2,S
2021-06-15T10:34:50,9000.0,52.2,S
2021-06-15T10:34:50,300.0,52.2,S
2021-06-15T10:34:50,34900.0,52.2,S
2021-06-15T10:34:49,700.0,52.1,S
2021-06-15T10:34:46,2000.0,52.1,S
2021-06-15T10:34:43,1300.0,52.0,S
2021-06-15T10:34:43,1200.0,52.0,S
2021-06-15T10:34:43,17500.0,52.0,S
2021-06-15T10:34:40,5000.0,52.2,S
2021-06-15T10:34:38,17900.0,52.0,S
2021-06-15T10:34:38,800.0,52.0,S
2021-06-15T10:34:38,100.0,52.0,S
2021-06-15T10:34:38,100.0,52.0,S
2021-06-15T10:34:38,18200.0,52.0,S
2021-06-15T10:34:38,2900.0,52.0,S
2021-06-15T10:34:38,3600.0,52.0,S
2021-06-15T10:34:38,36500.0,52.0,S
2021-06-15T10:34:38,500.0,52.0,S
2021-06-15T10:34:37,9100.0,52.0,S
2021-06-15T10:34:37,400.0,52.0,S
2021-06-15T10:34:37,1000.0,52.0,S
2021-06-15T10:34:37,2300.0,52.0,S
2021-06-15T10:34:37,2800.0,52.0,S
2021-06-15T10:34:37,17200.0,52.0,S
2021-06-15T10:34:37,3200.0,52.0,S
2021-06-15T10:34:37,4300.0,52.1,S
2021-06-15T10:34:37,300.0,52.1,S
2021-06-15T10:34:37,7300.0,52.1,S
2021-06-15T10:34:37,2100.0,52.1,S
2021-06-15T10:34:37,6900.0,52.1,S
2021-06-15T10:34:37,30900.0,52.1,S
2021-06-15T10:34:37,4000.0,52.1,S
2021-06-15T10:34:36,21900.0,52.1,S
2021-06-15T10:34:36,9100.0,52.1,S
2021-06-15T10:34:35,10000.0,52.2,S
2021-06-15T10:34:33,500.0,52.2,S
2021-06-15T10:34:32,13000.0,52.2,S
2021-06-15T10:34:24,100.0,52.2,S
2021-06-15T10:34:20,2000.0,52.2,S
2021-06-15T10:34:20,800.0,52.2,S
2021-06-15T10:34:18,500.0,52.1,S
2021-06-15T10:34:18,3600.0,52.2,S
2021-06-15T10:34:18,100.0,52.2,S
2021-06-15T10:34:16,100.0,52.2,S
2021-06-15T10:34:12,2000.0,52.1,S
2021-06-15T10:34:09,1000.0,52.2,S
2021-06-15T10:34:05,100.0,52.2,S
2021-06-15T10:34:04,30000.0,52.2,S
2021-06-15T10:34:03,2800.0,52.2,S
2021-06-15T10:34:03,1000.0,52.2,S
2021-06-15T10:34:01,1000.0,52.1,S
2021-06-15T10:34:01,10300.0,52.1,S
2021-06-15T10:33:58,1000.0,52.2,S
2021-06-15T10:33:58,2000.0,52.1,S
2021-06-15T10:33:55,1000.0,52.2,S
2021-06-15T10:33:47,100.0,52.2,S
2021-06-15T10:33:47,100.0,52.2,S
2021-06-15T10:33:45,100.0,52.2,S
2021-06-15T10:33:44,4900.0,52.2,S
2021-06-15T10:33:41,100.0,52.2,S
2021-06-15T10:33:41,100.0,52.2,S
2021-06-15T10:33:39,600.0,52.3,S
2021-06-15T10:33:39,200.0,52.2,S
2021-06-15T10:33:33,300.0,52.2,S
2021-06-15T10:33:31,200.0,52.2,S
2021-06-15T10:33:31,900.0,52.1,S
2021-06-15T10:33:30,5000.0,52.1,S
2021-06-15T10:33:28,2000.0,52.1,S
2021-06-15T10:33:23,4200.0,52.1,S
2021-06-15T10:33:23,6800.0,52.1,S
2021-06-15T10:33:23,200.0,52.2,S
2021-06-15T10:33:23,8800.0,52.2,S
2021-06-15T10:33:20,200.0,52.2,S
2021-06-15T10:33:20,5700.0,52.2,S
2021-06-15T10:33:19,3000.0,52.3,S
2021-06-15T10:33:15,100.0,52.2,S
2021-06-15T10:33:14,2000.0,52.2,S
2021-06-15T10:33:13,300.0,52.3,S
2021-06-15T10:33:10,2000.0,52.2,S
2021-06-15T10:33:10,400.0,52.3,S
2021-06-15T10:33:08,2000.0,52.2,S
2021-06-15T10:33:07,1000.0,52.2,S
2021-06-15T10:33:06,400.0,52.2,S
2021-06-15T10:33:05,1500.0,52.2,S
2021-06-15T10:33:02,4300.0,52.2,S
2021-06-15T10:33:02,100.0,52.2,S
2021-06-15T10:33:02,600.0,52.2,S
2021-06-15T10:33:01,100.0,52.2,S
2021-06-15T10:33:01,2100.0,52.2,S
2021-06-15T10:33:01,1100.0,52.2,S
2021-06-15T10:33:01,2000.0,52.2,S
2021-06-15T10:33:01,200.0,52.2,S
2021-06-15T10:33:01,1200.0,52.2,S
2021-06-15T10:33:01,7000.0,52.2,S
2021-06-15T10:33:01,1300.0,52.2,S
2021-06-15T10:33:00,5000.0,52.2,S
2021-06-15T10:32:59,1000.0,52.2,S
2021-06-15T10:32:58,200.0,52.2,S
2021-06-15T10:32:57,600.0,52.2,S
2021-06-15T10:32:57,10400.0,52.2,S
2021-06-15T10:32:56,2000.0,52.2,S
2021-06-15T10:32:53,600.0,52.2,S
2021-06-15T10:32:53,100.0,52.3,S
2021-06-15T10:32:44,700.0,52.2,S
2021-06-15T10:32:37,600.0,52.3,S
2021-06-15T10:32:35,900.0,52.3,S
2021-06-15T10:32:33,200.0,52.3,S
2021-06-15T10:32:27,1000.0,52.2,S
2021-06-15T10:32:27,800.0,52.2,S
2021-06-15T10:32:22,4500.0,52.2,S
2021-06-15T10:32:22,8100.0,52.2,S
2021-06-15T10:32:22,13200.0,52.2,S
2021-06-15T10:32:22,200.0,52.2,S
2021-06-15T10:32:22,400.0,52.2,S
2021-06-15T10:32:22,1600.0,52.2,S
2021-06-15T10:32:22,10200.0,52.2,S
2021-06-15T10:32:22,200.0,52.2,S
2021-06-15T10:32:22,11600.0,52.2,S
2021-06-15T10:32:22,1000.0,52.3,S
2021-06-15T10:32:21,2000.0,52.2,S
2021-06-15T10:32:20,200.0,52.3,S
2021-06-15T10:32:19,400.0,52.3,S
2021-06-15T10:32:13,7000.0,52.2,S
2021-06-15T10:32:09,1000.0,52.2,S
2021-06-15T10:32:08,2000.0,52.3,S
2021-06-15T10:32:03,100.0,52.3,S
2021-06-15T10:31:56,200.0,52.3,S
2021-06-15T10:31:56,4600.0,52.3,S
2021-06-15T10:31:56,3100.0,52.3,S
2021-06-15T10:31:55,1700.0,52.3,S
2021-06-15T10:31:55,1100.0,52.3,S
2021-06-15T10:31:55,200.0,52.3,S
2021-06-15T10:31:55,1000.0,52.3,S
2021-06-15T10:31:55,900.0,52.3,S
2021-06-15T10:31:55,100.0,52.3,S
2021-06-15T10:31:55,9700.0,52.3,S
2021-06-15T10:31:52,2000.0,52.3,S
2021-06-15T10:31:40,1000.0,52.3,S
2021-06-15T10:31:32,2000.0,52.4,S
2021-06-15T10:31:29,1000.0,52.3,S
2021-06-15T10:31:27,100.0,52.3,S
2021-06-15T10:31:25,1100.0,52.3,S
2021-06-15T10:31:22,500.0,52.3,S
2021-06-15T10:31:08,2000.0,52.3,S
2021-06-15T10:31:07,1500.0,52.4,S
2021-06-15T10:31:04,3000.0,52.3,S
2021-06-15T10:31:03,100.0,52.3,S
2021-06-15T10:31:03,2000.0,52.4,S
2021-06-15T10:31:03,5000.0,52.4,S
2021-06-15T10:31:02,33000.0,52.4,S
2021-06-15T10:31:00,700.0,52.3,S
2021-06-15T10:30:55,200.0,52.3,S
2021-06-15T10:30:43,400.0,52.4,S
2021-06-15T10:30:42,2900.0,52.3,S
2021-06-15T10:30:41,500.0,52.3,S
2021-06-15T10:30:40,4600.0,52.3,S
2021-06-15T10:30:39,1200.0,52.3,S
2021-06-15T10:30:39,200.0,52.3,S
2021-06-15T10:30:39,4100.0,52.3,S
2021-06-15T10:30:39,200.0,52.3,S
2021-06-15T10:30:39,2300.0,52.3,S
2021-06-15T10:30:39,1100.0,52.3,S
2021-06-15T10:30:38,1000.0,52.3,S
2021-06-15T10:30:34,1000.0,52.4,S
2021-06-15T10:30:27,200.0,52.4,S
2021-06-15T10:30:26,200.0,52.4,S
2021-06-15T10:30:24,50000.0,52.4,S
2021-06-15T10:30:23,500.0,52.4,S
2021-06-15T10:30:22,600.0,52.3,S
2021-06-15T10:30:22,1300.0,52.3,S
2021-06-15T10:30:20,3100.0,52.3,S
2021-06-15T10:30:15,600.0,52.3,S
2021-06-15T10:30:13,2000.0,52.4,S
2021-06-15T10:30:10,9300.0,52.3,S
2021-06-15T10:30:09,1000.0,52.3,S
2021-06-15T10:30:08,10000.0,52.3,S
2021-06-15T10:30:08,15100.0,52.4,S
2021-06-15T10:29:58,4200.0,52.4,S
2021-06-15T10:29:58,1100.0,52.4,S
2021-06-15T10:29:58,8000.0,52.4,S
2021-06-15T10:29:58,500.0,52.4,S
2021-06-15T10:29:57,100.0,52.4,S
2021-06-15T10:29:57,6100.0,52.4,S
2021-06-15T10:29:56,4500.0,52.4,S
2021-06-15T10:29:53,900.0,52.4,S
2021-06-15T10:29:50,1700.0,52.4,S
2021-06-15T10:29:50,3300.0,52.4,S
2021-06-15T10:29:49,600.0,52.4,S
2021-06-15T10:29:49,3000.0,52.4,S
2021-06-15T10:29:48,1000.0,52.4,S
2021-06-15T10:29:47,3000.0,52.4,S
2021-06-15T10:29:46,2000.0,52.4,S
2021-06-15T10:29:46,500.0,52.4,S
2021-06-15T10:29:45,5400.0,52.4,S
2021-06-15T10:29:44,3000.0,52.4,S
2021-06-15T10:29:44,200.0,52.4,S
2021-06-15T10:29:44,3500.0,52.4,S
2021-06-15T10:29:41,2000.0,52.4,S
2021-06-15T10:29:41,500.0,52.4,S
2021-06-15T10:29:40,2500.0,52.4,S
2021-06-15T10:29:37,26000.0,52.4,S
2021-06-15T10:29:34,100.0,52.4,S
2021-06-15T10:29:33,2000.0,52.4,S
2021-06-15T10:29:33,5000.0,52.5,B
2021-06-15T10:29:30,100.0,52.4,S
2021-06-15T10:29:29,100.0,52.4,S
2021-06-15T10:29:27,5000.0,52.4,S
2021-06-15T10:29:25,200.0,52.4,S
2021-06-15T10:29:24,10000.0,52.4,S
2021-06-15T10:29:24,700.0,52.4,S
2021-06-15T10:29:22,500.0,52.4,S
2021-06-15T10:29:19,500.0,52.4,S
2021-06-15T10:29:19,200.0,52.4,S
2021-06-15T10:29:18,100.0,52.4,S
2021-06-15T10:29:10,1200.0,52.5,B
2021-06-15T10:28:59,1000.0,52.4,S
2021-06-15T10:28:57,1000.0,52.5,B
2021-06-15T10:28:57,20000.0,52.5,B
2021-06-15T10:28:56,500.0,52.5,B
2021-06-15T10:28:48,1000.0,52.4,S
2021-06-15T10:28:46,200.0,52.5,B
2021-06-15T10:28:31,4000.0,52.4,S
2021-06-15T10:28:29,100.0,52.4,S
2021-06-15T10:28:29,500.0,52.5,S
2021-06-15T10:28:26,500.0,52.5,S
2021-06-15T10:28:20,2400.0,52.5,S
2021-06-15T10:28:12,1000.0,52.5,S
2021-06-15T10:28:04,700.0,52.5,S
2021-06-15T10:28:02,100.0,52.5,S
2021-06-15T10:28:02,1200.0,52.5,S
2021-06-15T10:28:02,500.0,52.5,S
2021-06-15T10:28:00,500.0,52.5,S
2021-06-15T10:27:59,3500.0,52.5,S
2021-06-15T10:27:57,1200.0,52.5,S
2021-06-15T10:27:57,3800.0,52.5,S
2021-06-15T10:27:56,100.0,52.5,S
2021-06-15T10:27:53,100.0,52.5,S
2021-06-15T10:27:50,300.0,52.6,S
2021-06-15T10:27:41,5000.0,52.5,S
2021-06-15T10:27:38,1000.0,52.5,S
2021-06-15T10:27:37,1400.0,52.5,S
2021-06-15T10:27:34,1000.0,52.6,S
2021-06-15T10:27:26,700.0,52.5,S
2021-06-15T10:27:24,300.0,52.5,S
2021-06-15T10:27:22,3000.0,52.6,S
2021-06-15T10:27:22,1000.0,52.5,S
2021-06-15T10:27:21,700.0,52.5,S
2021-06-15T10:27:21,4500.0,52.6,S
2021-06-15T10:27:14,100.0,52.5,S
2021-06-15T10:27:13,30000.0,52.5,S
2021-06-15T10:27:12,200.0,52.5,S
2021-06-15T10:27:09,1000.0,52.5,S
2021-06-15T10:27:07,200.0,52.6,S
2021-06-15T10:27:01,100.0,52.6,S
2021-06-15T10:26:57,3500.0,52.5,S
2021-06-15T10:26:47,4500.0,52.5,S
2021-06-15T10:26:43,1000.0,52.5,S
2021-06-15T10:26:40,2000.0,52.5,S
2021-06-15T10:26:36,7000.0,52.6,S
2021-06-15T10:26:29,700.0,52.5,S
2021-06-15T10:26:23,200.0,52.6,S
2021-06-15T10:26:23,1000.0,52.6,S
2021-06-15T10:26:23,1200.0,52.6,S
2021-06-15T10:26:22,500.0,52.6,S
2021-06-15T10:26:21,100.0,52.6,S
2021-06-15T10:26:15,1000.0,52.6,S
2021-06-15T10:26:13,600.0,52.6,S
2021-06-15T10:26:12,1000.0,52.6,S
2021-06-15T10:26:08,6500.0,52.5,S
2021-06-15T10:26:07,23500.0,52.6,S
2021-06-15T10:26:06,4000.0,52.6,S
2021-06-15T10:26:05,800.0,52.6,S
2021-06-15T10:26:04,1500.0,52.6,S
2021-06-15T10:26:04,2000.0,52.6,S
2021-06-15T10:26:04,5000.0,52.7,B
2021-06-15T10:26:04,500.0,52.6,S
2021-06-15T10:26:03,500.0,52.6,S
2021-06-15T10:25:58,1000.0,52.6,S
2021-06-15T10:25:55,2000.0,52.6,S
2021-06-15T10:25:54,1000.0,52.6,S
2021-06-15T10:25:53,200.0,52.6,S
2021-06-15T10:25:49,2000.0,52.6,S
2021-06-15T10:25:47,200.0,52.6,S
2021-06-15T10:25:46,30000.0,52.6,S
2021-06-15T10:25:46,2500.0,52.6,S
2021-06-15T10:25:44,200.0,52.6,S
2021-06-15T10:25:43,10000.0,52.6,S
2021-06-15T10:25:41,1000.0,52.6,S
2021-06-15T10:25:28,3000.0,52.6,S
2021-06-15T10:25:27,100.0,52.6,S
2021-06-15T10:25:23,300.0,52.6,S
2021-06-15T10:25:23,3000.0,52.6,S
2021-06-15T10:25:22,3300.0,52.7,B
2021-06-15T10:25:21,5000.0,52.6,S
2021-06-15T10:25:17,200.0,52.6,S
2021-06-15T10:25:17,500.0,52.6,S
2021-06-15T10:25:16,9300.0,52.6,S
2021-06-15T10:25:16,1600.0,52.6,S
2021-06-15T10:25:16,700.0,52.6,S
2021-06-15T10:25:10,300.0,52.7,B
2021-06-15T10:25:10,2000.0,52.6,S
2021-06-15T10:25:09,11400.0,52.6,S
2021-06-15T10:25:05,100.0,52.6,S
2021-06-15T10:25:02,100.0,52.6,S
2021-06-15T10:25:01,2400.0,52.6,S
2021-06-15T10:24:54,800.0,52.6,S
2021-06-15T10:24:47,700.0,52.6,S
2021-06-15T10:24:47,1500.0,52.6,S
2021-06-15T10:24:37,500.0,52.6,S
2021-06-15T10:24:35,100.0,52.6,S
2021-06-15T10:24:35,20000.0,52.6,S
2021-06-15T10:24:28,300.0,52.7,B
2021-06-15T10:24:26,1900.0,52.6,S
2021-06-15T10:24:26,500.0,52.6,S
2021-06-15T10:24:20,200.0,52.6,S
2021-06-15T10:24:16,1000.0,52.6,S
2021-06-15T10:24:15,100.0,52.7,B
2021-06-15T10:24:13,1500.0,52.6,S
2021-06-15T10:24:12,1000.0,52.7,B
2021-06-15T10:24:08,1000.0,52.7,B
2021-06-15T10:24:06,1000.0,52.6,S
2021-06-15T10:24:05,500.0,52.6,S
2021-06-15T10:23:56,500.0,52.7,B
2021-06-15T10:23:55,100.0,52.6,S
2021-06-15T10:23:51,1100.0,52.6,S
2021-06-15T10:23:49,2000.0,52.7,B
2021-06-15T10:23:46,2000.0,52.7,B
2021-06-15T10:23:44,500.0,52.7,B
2021-06-15T10:23:44,1800.0,52.6,S
2021-06-15T10:23:38,100.0,52.7,B
2021-06-15T10:23:36,1000.0,52.7,B
2021-06-15T10:23:34,10000.0,52.6,S
2021-06-15T10:23:29,5000.0,52.6,S
2021-06-15T10:23:24,300.0,52.7,B
2021-06-15T10:23:21,1400.0,52.6,S
2021-06-15T10:23:20,5000.0,52.6,S
2021-06-15T10:23:20,200.0,52.7,B
2021-06-15T10:23:18,300.0,52.7,B
2021-06-15T10:23:15,1000.0,52.7,B
2021-06-15T10:23:13,5600.0,52.6,S
2021-06-15T10:23:13,700.0,52.6,S
2021-06-15T10:23:13,600.0,52.6,S
2021-06-15T10:23:13,1700.0,52.6,S
2021-06-15T10:23:12,1000.0,52.7,B
2021-06-15T10:23:09,1000.0,52.6,S
2021-06-15T10:23:02,400.0,52.6,S
2021-06-15T10:23:01,300.0,52.6,S
2021-06-15T10:22:59,8000.0,52.7,B
2021-06-15T10:22:56,1100.0,52.6,S
2021-06-15T10:22:52,100.0,52.6,S
2021-06-15T10:22:49,10000.0,52.7,B
2021-06-15T10:22:46,2000.0,52.6,S
2021-06-15T10:22:39,100.0,52.7,B
2021-06-15T10:22:33,200.0,52.7,B
2021-06-15T10:22:32,1000.0,52.7,B
2021-06-15T10:22:28,2100.0,52.7,B
2021-06-15T10:22:28,2900.0,52.7,B
2021-06-15T10:22:28,100.0,52.7,B
2021-06-15T10:22:27,400.0,52.7,B
2021-06-15T10:22:27,1300.0,52.7,B
2021-06-15T10:22:13,3800.0,52.6,S
2021-06-15T10:22:06,500.0,52.6,S
2021-06-15T10:22:01,1800.0,52.6,S
2021-06-15T10:22:00,200.0,52.6,S
2021-06-15T10:22:00,10000.0,52.6,S
2021-06-15T10:21:58,600.0,52.7,B
2021-06-15T10:21:56,300.0,52.6,S
2021-06-15T10:21:49,600.0,52.6,S
2021-06-15T10:21:47,700.0,52.6,S
2021-06-15T10:21:42,200.0,52.7,B
2021-06-15T10:21:42,100.0,52.7,B
2021-06-15T10:21:25,2000.0,52.6,S
2021-06-15T10:21:25,300.0,52.7,B
2021-06-15T10:21:23,100.0,52.7,B
2021-06-15T10:21:23,2300.0,52.7,B
2021-06-15T10:21:19,1000.0,52.7,B
2021-06-15T10:21:17,1000.0,52.7,B
2021-06-15T10:21:17,100.0,52.7,B
2021-06-15T10:21:14,100.0,52.7,B
2021-06-15T10:21:09,19200.0,52.8,B
2021-06-15T10:21:09,800.0,52.8,B
2021-06-15T10:21:07,400.0,52.7,B
2021-06-15T10:21:06,100.0,52.7,B
2021-06-15T10:20:46,900.0,52.6,S
2021-06-15T10:20:46,12000.0,52.6,S
2021-06-15T10:20:41,1000.0,52.7,B
2021-06-15T10:20:38,1000.0,52.8,B
2021-06-15T10:20:37,200.0,52.7,B
2021-06-15T10:20:29,4500.0,52.7,B
2021-06-15T10:20:19,3400.0,52.6,S
2021-06-15T10:20:19,1500.0,52.8,B
2021-06-15T10:20:19,100.0,52.7,B
2021-06-15T10:20:19,400.0,52.7,B
2021-06-15T10:20:15,2000.0,52.6,S
2021-06-15T10:20:15,5000.0,52.6,S
2021-06-15T10:20:10,100.0,52.7,B
2021-06-15T10:20:10,700.0,52.7,B
2021-06-15T10:20:10,200.0,52.7,B
2021-06-15T10:20:10,1600.0,52.7,B
2021-06-15T10:20:10,300.0,52.7,B
2021-06-15T10:20:10,300.0,52.7,B
2021-06-15T10:20:10,2200.0,52.7,B
2021-06-15T10:20:10,5000.0,52.7,B
2021-06-15T10:20:09,12800.0,52.7,B
2021-06-15T10:20:07,3000.0,52.6,S
2021-06-15T10:20:07,2000.0,52.7,B
2021-06-15T10:20:03,1000.0,52.6,S
2021-06-15T10:19:57,400.0,52.6,S
2021-06-15T10:19:51,1000.0,52.7,B
2021-06-15T10:19:50,900.0,52.6,B
2021-06-15T10:19:49,500.0,52.7,B
2021-06-15T10:19:43,3100.0,52.6,B
2021-06-15T10:19:40,2000.0,52.6,B
2021-06-15T10:19:38,100.0,52.6,B
2021-06-15T10:19:38,1400.0,52.6,B
2021-06-15T10:19:37,1000.0,52.6,B
2021-06-15T10:19:35,500.0,52.6,B
2021-06-15T10:19:35,6500.0,52.6,B
2021-06-15T10:19:33,500.0,52.6,B
2021-06-15T10:19:31,100.0,52.6,B
2021-06-15T10:19:26,5000.0,52.6,B
2021-06-15T10:19:25,7300.0,52.6,B
2021-06-15T10:19:23,400.0,52.6,B
2021-06-15T10:19:21,600.0,52.6,B
2021-06-15T10:19:19,100.0,52.6,B
2021-06-15T10:19:19,1000.0,52.6,B
2021-06-15T10:19:17,3900.0,52.6,B
2021-06-15T10:19:08,500.0,52.6,B
2021-06-15T10:19:08,100.0,52.6,B
2021-06-15T10:19:08,400.0,52.6,B
2021-06-15T10:19:05,200.0,52.6,B
2021-06-15T10:19:04,2000.0,52.6,B
2021-06-15T10:19:03,200.0,52.6,B
2021-06-15T10:18:59,100.0,52.6,B
2021-06-15T10:18:59,100.0,52.6,B
2021-06-15T10:18:54,3200.0,52.6,B
2021-06-15T10:18:53,5400.0,52.6,B
2021-06-15T10:18:53,1000.0,52.6,B
2021-06-15T10:18:51,600.0,52.6,B
2021-06-15T10:18:41,1200.0,52.6,B
2021-06-15T10:18:37,800.0,52.6,B
2021-06-15T10:18:34,1000.0,52.6,B
2021-06-15T10:18:32,1200.0,52.6,B
2021-06-15T10:18:31,1000.0,52.6,B
2021-06-15T10:18:26,100.0,52.6,B
2021-06-15T10:18:25,1000.0,52.6,B
2021-06-15T10:18:16,200.0,52.6,B
2021-06-15T10:18:16,2800.0,52.6,B
2021-06-15T10:18:16,13800.0,52.6,B
2021-06-15T10:18:16,1500.0,52.5,S
2021-06-15T10:18:15,300.0,52.5,S
2021-06-15T10:18:12,10100.0,52.5,S
2021-06-15T10:18:10,1700.0,52.5,S
2021-06-15T10:18:09,15000.0,52.6,B
2021-06-15T10:18:07,2000.0,52.5,S
2021-06-15T10:18:05,1000.0,52.5,S
2021-06-15T10:17:58,500.0,52.5,S
2021-06-15T10:17:53,1000.0,52.5,S
2021-06-15T10:17:51,3000.0,52.5,S
2021-06-15T10:17:49,600.0,52.6,B
2021-06-15T10:17:48,5900.0,52.5,S
2021-06-15T10:17:47,1000.0,52.5,S
2021-06-15T10:17:41,1100.0,52.6,B
2021-06-15T10:17:28,4000.0,52.5,S
2021-06-15T10:17:25,1200.0,52.5,S
2021-06-15T10:17:23,300.0,52.6,B
2021-06-15T10:17:23,1000.0,52.6,B
2021-06-15T10:17:22,400.0,52.5,S
2021-06-15T10:17:22,100.0,52.6,B
2021-06-15T10:17:17,1000.0,52.5,S
2021-06-15T10:17:17,1000.0,52.5,S
2021-06-15T10:17:16,100.0,52.6,B
2021-06-15T10:17:02,500.0,52.6,B
2021-06-15T10:17:02,200.0,52.5,S
2021-06-15T10:16:59,1200.0,52.5,S
2021-06-15T10:16:52,2000.0,52.5,S
2021-06-15T10:16:47,100.0,52.6,B
2021-06-15T10:16:45,50000.0,52.5,S
2021-06-15T10:16:45,1000.0,52.6,B
2021-06-15T10:16:43,2000.0,52.6,B
2021-06-15T10:16:38,200.0,52.5,S
2021-06-15T10:16:36,700.0,52.6,B
2021-06-15T10:16:36,300.0,52.5,S
2021-06-15T10:16:25,100.0,52.6,B
2021-06-15T10:16:23,100.0,52.6,B
2021-06-15T10:16:14,500.0,52.6,B
2021-06-15T10:16:12,1000.0,52.5,S
2021-06-15T10:16:12,200.0,52.5,S
2021-06-15T10:16:12,8800.0,52.5,S
2021-06-15T10:16:09,300.0,52.6,B
2021-06-15T10:16:08,3400.0,52.5,S
2021-06-15T10:16:01,300.0,52.6,B
2021-06-15T10:16:00,500.0,52.6,B
2021-06-15T10:16:00,7700.0,52.6,B
2021-06-15T10:15:59,1000.0,52.6,B
2021-06-15T10:15:56,2400.0,52.5,S
2021-06-15T10:15:47,1000.0,52.6,B
2021-06-15T10:15:45,500.0,52.6,B
2021-06-15T10:15:10,100.0,52.6,B
2021-06-15T10:15:09,100.0,52.6,B
2021-06-15T10:15:09,200.0,52.6,B
2021-06-15T10:15:09,100.0,52.6,B
2021-06-15T10:15:05,8300.0,52.5,S
2021-06-15T10:15:03,3000.0,52.6,B
2021-06-15T10:14:54,200.0,52.5,S
2021-06-15T10:14:54,700.0,52.6,B
2021-06-15T10:14:46,100.0,52.5,S
2021-06-15T10:14:43,200.0,52.6,B
2021-06-15T10:14:41,200.0,52.5,S
2021-06-15T10:14:40,1000.0,52.6,B
2021-06-15T10:14:40,2200.0,52.6,B
2021-06-15T10:14:36,10000.0,52.5,S
2021-06-15T10:14:35,700.0,52.5,S
2021-06-15T10:14:33,1000.0,52.5,S
2021-06-15T10:14:17,300.0,52.6,B
2021-06-15T10:14:14,2000.0,52.5,S
2021-06-15T10:14:08,8800.0,52.6,B
2021-06-15T10:14:03,100.0,52.5,S
2021-06-15T10:14:00,300.0,52.6,B
2021-06-15T10:13:59,100.0,52.6,B
2021-06-15T10:13:59,500.0,52.5,S
2021-06-15T10:13:58,900.0,52.5,S
2021-06-15T10:13:58,100.0,52.5,S
2021-06-15T10:13:50,200.0,52.6,B
2021-06-15T10:13:45,100.0,52.5,S
2021-06-15T10:13:43,600.0,52.6,B
2021-06-15T10:13:39,100.0,52.5,S
2021-06-15T10:13:39,100.0,52.5,S
2021-06-15T10:13:23,1000.0,52.6,B
2021-06-15T10:13:16,100.0,52.7,B
2021-06-15T10:13:13,7400.0,52.7,B
2021-06-15T10:13:13,4000.0,52.7,B
2021-06-15T10:13:13,4400.0,52.7,B
2021-06-15T10:13:13,4200.0,52.7,B
2021-06-15T10:13:12,1500.0,52.5,S
2021-06-15T10:12:59,200.0,52.7,B
2021-06-15T10:12:53,3600.0,52.7,B
2021-06-15T10:12:51,2000.0,52.7,B
2021-06-15T10:12:41,1900.0,52.6,B
2021-06-15T10:12:30,2800.0,52.7,B
2021-06-15T10:12:29,200.0,52.6,B
2021-06-15T10:12:20,12000.0,52.7,B
2021-06-15T10:12:13,21200.0,52.6,S
2021-06-15T10:12:11,1200.0,52.6,S
2021-06-15T10:12:11,400.0,52.7,B
2021-06-15T10:12:09,500.0,52.6,S
2021-06-15T10:12:08,300.0,52.7,B
2021-06-15T10:11:54,1000.0,52.7,B
2021-06-15T10:11:45,2000.0,52.6,S
2021-06-15T10:11:42,2200.0,52.6,S
2021-06-15T10:11:41,3000.0,52.6,S
2021-06-15T10:11:39,200.0,52.6,S
2021-06-15T10:11:38,600.0,52.7,B
2021-06-15T10:11:15,400.0,52.6,S
2021-06-15T10:11:13,3300.0,52.4,S
2021-06-15T10:11:13,600.0,52.5,S
2021-06-15T10:11:13,21000.0,52.5,S
2021-06-15T10:11:13,200.0,52.5,S
2021-06-15T10:11:11,1500.0,52.6,S
2021-06-15T10:11:11,18000.0,52.6,S
2021-06-15T10:11:09,300.0,52.7,B
2021-06-15T10:10:37,500.0,52.6,S
2021-06-15T10:10:29,100.0,52.8,B
2021-06-15T10:10:27,100.0,52.8,B
2021-06-15T10:10:21,1000.0,52.8,B
2021-06-15T10:10:20,500.0,52.6,S
2021-06-15T10:10:00,600.0,52.8,B
2021-06-15T10:09:54,500.0,52.6,S
2021-06-15T10:09:51,100.0,52.8,B
2021-06-15T10:09:48,500.0,52.8,B
2021-06-15T10:09:39,2000.0,52.8,B
2021-06-15T10:09:38,500.0,52.8,B
2021-06-15T10:09:36,700.0,52.6,S
2021-06-15T10:09:35,300.0,52.6,S
2021-06-15T10:09:35,100.0,52.5,S
2021-06-15T10:09:25,700.0,52.5,S
2021-06-15T10:09:25,1200.0,52.5,S
2021-06-15T10:09:25,1300.0,52.5,S
2021-06-15T10:09:25,9000.0,52.5,S
2021-06-15T10:09:25,1100.0,52.5,S
2021-06-15T10:09:25,20300.0,52.5,S
2021-06-15T10:09:25,57700.0,52.5,S
2021-06-15T10:09:20,100.0,52.6,S
2021-06-15T10:09:15,100.0,52.8,B
2021-06-15T10:09:14,500.0,52.8,B
2021-06-15T10:08:59,100.0,52.8,B
2021-06-15T10:08:57,100.0,52.8,B
2021-06-15T10:08:54,1000.0,52.8,B
2021-06-15T10:08:54,10000.0,52.6,S
2021-06-15T10:08:41,600.0,52.8,S
2021-06-15T10:08:41,2000.0,52.8,S
2021-06-15T10:08:41,500.0,52.8,S
2021-06-15T10:08:40,1000.0,52.8,S
2021-06-15T10:08:40,200.0,52.8,S
2021-06-15T10:08:37,300.0,52.8,S
2021-06-15T10:08:36,700.0,52.8,S
2021-06-15T10:08:28,100.0,52.8,S
2021-06-15T10:08:26,600.0,52.9,B
2021-06-15T10:08:25,100.0,52.9,B
2021-06-15T10:08:24,800.0,52.8,S
2021-06-15T10:08:24,6000.0,52.8,S
2021-06-15T10:08:23,3900.0,52.8,S
2021-06-15T10:08:18,600.0,52.8,S
2021-06-15T10:08:16,1000.0,52.8,S
2021-06-15T10:08:14,100.0,52.9,B
2021-06-15T10:08:13,900.0,52.9,B
2021-06-15T10:08:12,5300.0,52.9,B
2021-06-15T10:08:12,1700.0,52.9,B
2021-06-15T10:08:05,3000.0,52.8,S
2021-06-15T10:08:00,200.0,52.9,B
2021-06-15T10:07:52,300.0,52.9,B
2021-06-15T10:07:49,300.0,52.8,S
2021-06-15T10:07:47,100.0,52.8,S
2021-06-15T10:07:42,100.0,52.9,B
2021-06-15T10:07:38,100.0,52.8,S
2021-06-15T10:07:33,600.0,52.9,B
2021-06-15T10:07:27,1000.0,52.9,B
2021-06-15T10:07:26,400.0,52.8,S
2021-06-15T10:07:22,1000.0,52.8,S
2021-06-15T10:07:22,400.0,52.9,B
2021-06-15T10:07:17,1900.0,52.9,B
2021-06-15T10:07:17,1600.0,52.8,S
2021-06-15T10:07:17,1700.0,52.8,S
2021-06-15T10:07:17,1500.0,52.8,S
2021-06-15T10:07:17,3000.0,52.8,S
2021-06-15T10:07:16,1700.0,52.8,S
2021-06-15T10:07:12,100.0,52.8,S
2021-06-15T10:07:01,200.0,52.9,S
2021-06-15T10:06:59,200.0,52.9,S
2021-06-15T10:06:54,700.0,52.8,S
2021-06-15T10:06:48,100.0,52.9,S
2021-06-15T10:06:48,20000.0,52.8,S
2021-06-15T10:06:44,1000.0,52.8,S
2021-06-15T10:06:42,1000.0,52.8,S
2021-06-15T10:06:40,600.0,52.8,S
2021-06-15T10:06:36,500.0,52.9,S
2021-06-15T10:06:33,1500.0,52.9,B
2021-06-15T10:06:32,700.0,52.8,S
2021-06-15T10:06:32,100.0,52.8,S
2021-06-15T10:06:32,2500.0,52.8,S
2021-06-15T10:06:31,100.0,52.9,B
2021-06-15T10:06:31,6500.0,52.9,B
2021-06-15T10:06:31,100.0,52.8,S
2021-06-15T10:06:29,600.0,52.9,B
2021-06-15T10:06:29,300.0,52.8,S
2021-06-15T10:06:27,400.0,52.8,S
2021-06-15T10:06:08,1800.0,52.8,S
2021-06-15T10:06:05,500.0,52.9,B
2021-06-15T10:06:05,2400.0,52.9,B
2021-06-15T10:06:05,1500.0,52.9,B
2021-06-15T10:06:05,600.0,52.9,B
2021-06-15T10:05:57,100.0,52.9,B
2021-06-15T10:05:53,9000.0,52.8,S
2021-06-15T10:05:44,1000.0,52.8,S
2021-06-15T10:05:38,500.0,52.9,B
2021-06-15T10:05:36,2100.0,52.9,B
2021-06-15T10:05:36,4000.0,52.9,B
2021-06-15T10:05:36,300.0,52.9,B
2021-06-15T10:05:36,100.0,52.9,B
2021-06-15T10:05:36,3500.0,52.9,B
2021-06-15T10:05:32,500.0,52.9,B
2021-06-15T10:05:32,6000.0,52.9,B
2021-06-15T10:05:32,500.0,52.9,B
2021-06-15T10:05:31,2700.0,52.8,S
2021-06-15T10:05:31,7300.0,52.8,S
2021-06-15T10:05:19,100.0,52.8,S
2021-06-15T10:05:16,800.0,52.8,S
2021-06-15T10:05:15,400.0,52.9,B
2021-06-15T10:05:13,1000.0,52.9,B
2021-06-15T10:05:13,1000.0,52.9,B
2021-06-15T10:05:03,2000.0,52.9,B
2021-06-15T10:05:00,1500.0,52.9,B
2021-06-15T10:05:00,1100.0,52.9,B
2021-06-15T10:04:58,1500.0,52.9,B
2021-06-15T10:04:58,1000.0,52.9,B
2021-06-15T10:04:50,500.0,52.9,B
2021-06-15T10:04:49,10000.0,52.9,B
2021-06-15T10:04:45,100.0,52.9,B
2021-06-15T10:04:44,100.0,52.8,S
2021-06-15T10:04:43,2700.0,52.9,B
2021-06-15T10:04:40,500.0,52.9,B
2021-06-15T10:04:39,100.0,52.9,B
2021-06-15T10:04:39,400.0,52.9,B
2021-06-15T10:04:33,100.0,52.9,B
2021-06-15T10:04:28,1100.0,52.9,B
2021-06-15T10:04:25,300.0,52.9,B
2021-06-15T10:04:23,3000.0,52.8,S
2021-06-15T10:04:21,1000.0,52.8,S
2021-06-15T10:04:17,100.0,52.9,B
2021-06-15T10:04:13,100.0,52.9,B
2021-06-15T10:04:13,400.0,52.8,S
2021-06-15T10:04:10,100.0,52.9,B
2021-06-15T10:04:07,1000.0,52.8,S
2021-06-15T10:04:03,3000.0,52.8,S
2021-06-15T10:04:00,5000.0,52.9,B
2021-06-15T10:03:57,100.0,52.9,B
2021-06-15T10:03:56,200.0,52.9,B
2021-06-15T10:03:52,500.0,52.9,B
2021-06-15T10:03:46,500.0,52.8,S
2021-06-15T10:03:39,1000.0,53.0,B
2021-06-15T10:03:39,2000.0,52.8,B
2021-06-15T10:03:37,2000.0,52.8,B
2021-06-15T10:03:34,3200.0,53.0,B
2021-06-15T10:03:34,100.0,53.0,B
2021-06-15T10:03:33,13400.0,53.0,B
2021-06-15T10:03:30,500.0,52.9,B
2021-06-15T10:03:28,4100.0,52.8,B
2021-06-15T10:03:28,7600.0,52.8,B
2021-06-15T10:03:26,1000.0,52.7,S
2021-06-15T10:03:20,5000.0,52.8,B
2021-06-15T10:03:19,300.0,52.8,B
2021-06-15T10:03:13,5000.0,52.8,B
2021-06-15T10:03:01,500.0,52.8,S
2021-06-15T10:03:01,15100.0,52.8,S
2021-06-15T10:03:01,1900.0,52.8,S
2021-06-15T10:02:54,5000.0,52.8,S
2021-06-15T10:02:53,5000.0,52.8,S
2021-06-15T10:02:53,100.0,52.7,S
2021-06-15T10:02:52,500.0,52.7,S
2021-06-15T10:02:52,100.0,52.7,S
2021-06-15T10:02:48,400.0,52.8,S
2021-06-15T10:02:45,100.0,52.8,S
2021-06-15T10:02:43,1000.0,52.8,S
2021-06-15T10:02:43,100.0,52.8,S
2021-06-15T10:02:41,200.0,52.8,S
2021-06-15T10:02:39,200.0,52.8,S
2021-06-15T10:02:38,3900.0,52.8,S
2021-06-15T10:02:38,6200.0,52.8,S
2021-06-15T10:02:27,500.0,53.0,B
2021-06-15T10:02:21,300.0,52.8,S
2021-06-15T10:02:16,200.0,52.8,S
2021-06-15T10:02:13,300.0,53.0,B
2021-06-15T10:02:13,300.0,53.0,B
2021-06-15T10:02:13,10000.0,53.0,B
2021-06-15T10:02:13,8500.0,53.0,B
2021-06-15T10:02:13,5300.0,52.9,B
2021-06-15T10:02:12,400.0,52.9,B
2021-06-15T10:02:12,1000.0,52.9,B
2021-06-15T10:02:12,6200.0,52.9,B
2021-06-15T10:02:10,500.0,52.8,B
2021-06-15T10:02:01,5000.0,52.8,B
2021-06-15T10:01:53,1000.0,52.5,S
2021-06-15T10:01:53,300.0,52.8,B
2021-06-15T10:01:47,3000.0,52.5,S
2021-06-15T10:01:44,500.0,52.5,S
2021-06-15T10:01:41,5000.0,52.8,B
2021-06-15T10:01:37,1000.0,52.5,S
2021-06-15T10:01:34,100.0,52.4,S
2021-06-15T10:01:34,11400.0,52.4,S
2021-06-15T10:01:28,600.0,52.8,B
2021-06-15T10:01:26,4100.0,52.4,B
2021-06-15T10:01:19,1000.0,52.4,B
2021-06-15T10:01:12,2300.0,52.4,B
2021-06-15T10:01:11,10000.0,52.8,B
2021-06-15T10:01:09,100.0,52.8,B
2021-06-15T10:01:09,1000.0,52.8,B
2021-06-15T10:01:09,2500.0,52.7,B
2021-06-15T10:01:09,500.0,52.7,B
2021-06-15T10:01:09,600.0,52.7,B
2021-06-15T10:01:09,300.0,52.7,B
2021-06-15T10:01:09,25000.0,52.7,B
2021-06-15T10:01:09,3300.0,52.7,B
2021-06-15T10:01:09,2700.0,52.6,B
2021-06-15T10:01:09,2200.0,52.6,B
2021-06-15T10:01:09,10000.0,52.6,B
2021-06-15T10:01:08,1800.0,52.6,B
2021-06-15T10:01:07,2600.0,52.6,B
2021-06-15T10:01:07,400.0,52.5,B
2021-06-15T10:01:07,2000.0,52.5,B
2021-06-15T10:01:06,100.0,52.5,B
2021-06-15T10:01:05,300.0,52.5,B
2021-06-15T10:01:04,500.0,52.5,B
2021-06-15T10:01:00,1000.0,52.5,B
2021-06-15T10:00:56,100.0,52.4,B
2021-06-15T10:00:54,2000.0,52.5,B
2021-06-15T10:00:53,200.0,52.5,B
2021-06-15T10:00:52,500.0,52.5,B
2021-06-15T10:00:51,5000.0,52.5,B
2021-06-15T10:00:50,1400.0,52.4,B
2021-06-15T10:00:48,1900.0,52.4,B
2021-06-15T10:00:46,500.0,52.3,S
2021-06-15T10:00:45,200.0,52.4,B
2021-06-15T10:00:40,2000.0,52.3,S
2021-06-15T10:00:39,2500.0,52.5,B
2021-06-15T10:00:39,6400.0,52.3,S
2021-06-15T10:00:38,1000.0,52.3,S
2021-06-15T10:00:36,1700.0,52.4,B
2021-06-15T10:00:36,800.0,52.4,B
2021-06-15T10:00:36,700.0,52.4,B
2021-06-15T10:00:35,1800.0,52.4,B
2021-06-15T10:00:32,4300.0,52.4,B
2021-06-15T10:00:32,1000.0,52.4,B
2021-06-15T10:00:32,300.0,52.4,B
2021-06-15T10:00:32,1100.0,52.4,B
2021-06-15T10:00:32,200.0,52.4,B
2021-06-15T10:00:32,1400.0,52.4,B
2021-06-15T10:00:32,100.0,52.4,B
2021-06-15T10:00:32,6600.0,52.4,B
2021-06-15T10:00:31,3000.0,52.4,B
2021-06-15T10:00:30,5000.0,52.4,B
2021-06-15T10:00:25,500.0,52.3,B
2021-06-15T10:00:24,400.0,52.4,B
2021-06-15T10:00:24,500.0,52.4,B
2021-06-15T10:00:24,4500.0,52.4,B
2021-06-15T10:00:24,200.0,52.4,B
2021-06-15T10:00:24,5300.0,52.4,B
2021-06-15T10:00:23,200.0,52.4,B
2021-06-15T10:00:23,1000.0,52.4,B
2021-06-15T10:00:22,6000.0,52.4,B
2021-06-15T10:00:15,3200.0,52.4,B
2021-06-15T10:00:09,4200.0,52.4,B
2021-06-15T10:00:09,800.0,52.4,B
2021-06-15T10:00:06,2000.0,52.4,B
2021-06-15T10:00:05,1000.0,52.4,B
2021-06-15T10:00:01,1500.0,52.3,B
2021-06-15T09:59:56,200.0,52.4,B
2021-06-15T09:59:56,1000.0,52.3,B
2021-06-15T09:59:56,700.0,52.4,B
2021-06-15T09:59:54,1900.0,52.4,B
2021-06-15T09:59:52,500.0,52.3,B
2021-06-15T09:59:50,1200.0,52.3,B
2021-06-15T09:59:48,100.0,52.4,B
2021-06-15T09:59:44,200.0,52.3,B
2021-06-15T09:59:42,3000.0,52.4,B
2021-06-15T09:59:41,2000.0,52.4,B
2021-06-15T09:59:36,200.0,52.3,B
2021-06-15T09:59:34,18300.0,52.3,B
2021-06-15T09:59:34,300.0,52.3,B
2021-06-15T09:59:34,300.0,52.3,B
2021-06-15T09:59:34,9200.0,52.3,B
2021-06-15T09:59:34,400.0,52.3,B
2021-06-15T09:59:32,100.0,52.3,B
2021-06-15T09:59:32,900.0,52.3,B
2021-06-15T09:59:32,100.0,52.3,B
2021-06-15T09:59:31,500.0,52.3,B
2021-06-15T09:59:29,1000.0,52.3,B
2021-06-15T09:59:29,100.0,52.3,B
2021-06-15T09:59:25,100.0,52.3,B
2021-06-15T09:59:23,1500.0,52.3,B
2021-06-15T09:59:22,800.0,52.3,B
2021-06-15T09:59:20,1000.0,52.3,B
2021-06-15T09:59:20,300.0,52.2,S
2021-06-15T09:59:19,300.0,52.2,S
2021-06-15T09:59:16,300.0,52.3,B
2021-06-15T09:59:11,600.0,52.3,B
2021-06-15T09:59:10,500.0,52.3,B
2021-06-15T09:59:09,200.0,52.3,B
2021-06-15T09:59:08,500.0,52.3,B
2021-06-15T09:59:07,500.0,52.3,B
2021-06-15T09:59:03,5100.0,52.3,B
2021-06-15T09:59:02,1000.0,52.3,B
2021-06-15T09:59:02,5000.0,52.3,B
2021-06-15T09:58:55,5100.0,52.3,B
2021-06-15T09:58:50,700.0,52.3,B
2021-06-15T09:58:40,200.0,52.3,B
2021-06-15T09:58:40,500.0,52.2,S
2021-06-15T09:58:37,100.0,52.3,B
2021-06-15T09:58:37,2800.0,52.3,B
2021-06-15T09:58:36,2100.0,52.3,B
2021-06-15T09:58:36,2000.0,52.3,B
2021-06-15T09:58:33,100.0,52.2,S
2021-06-15T09:58:28,200.0,52.3,B
2021-06-15T09:58:25,200.0,52.2,S
2021-06-15T09:58:23,1000.0,52.2,S
2021-06-15T09:58:20,100.0,52.2,S
2021-06-15T09:58:17,500.0,52.2,S
2021-06-15T09:58:15,300.0,52.2,S
2021-06-15T09:58:14,3200.0,52.3,B
2021-06-15T09:58:11,6500.0,52.3,B
2021-06-15T09:58:10,1200.0,52.2,S
2021-06-15T09:58:08,300.0,52.2,S
2021-06-15T09:58:08,100.0,52.2,S
2021-06-15T09:58:03,92100.0,52.1,S
2021-06-15T09:58:03,6300.0,52.2,B
2021-06-15T09:58:03,1600.0,52.2,B
2021-06-15T09:58:00,100.0,52.3,B
2021-06-15T09:57:58,5000.0,52.2,B
2021-06-15T09:57:50,100.0,52.2,B
2021-06-15T09:57:48,3000.0,52.1,S
2021-06-15T09:57:45,1000.0,52.2,B
2021-06-15T09:57:42,1100.0,52.2,B
2021-06-15T09:57:41,200.0,52.3,B
2021-06-15T09:57:38,2000.0,52.2,B
2021-06-15T09:57:35,7100.0,52.2,B
2021-06-15T09:57:33,100.0,52.2,B
2021-06-15T09:57:31,2200.0,52.3,B
2021-06-15T09:57:31,1000.0,52.2,B
2021-06-15T09:57:30,1900.0,52.3,B
2021-06-15T09:57:30,1200.0,52.3,B
2021-06-15T09:57:25,1300.0,52.2,B
2021-06-15T09:57:22,100.0,52.2,S
2021-06-15T09:57:21,1100.0,52.2,S
2021-06-15T09:57:18,300.0,52.2,S
2021-06-15T09:57:15,1700.0,52.2,S
2021-06-15T09:57:13,1000.0,52.2,S
2021-06-15T09:57:13,100.0,52.2,S
2021-06-15T09:57:10,500.0,52.2,S
2021-06-15T09:57:09,8200.0,52.2,S
2021-06-15T09:57:03,3800.0,52.2,S
2021-06-15T09:57:03,6600.0,52.2,S
2021-06-15T09:57:03,500.0,52.2,S
2021-06-15T09:57:03,5400.0,52.2,S
2021-06-15T09:57:03,1300.0,52.2,S
2021-06-15T09:57:03,200.0,52.2,S
2021-06-15T09:57:03,2400.0,52.2,S
2021-06-15T09:57:02,1400.0,52.3,B
2021-06-15T09:56:53,1000.0,52.2,S
2021-06-15T09:56:50,100.0,52.3,B
2021-06-15T09:56:49,2300.0,52.2,S
2021-06-15T09:56:44,200.0,52.2,S
2021-06-15T09:56:41,900.0,52.2,S
2021-06-15T09:56:40,600.0,52.2,S
2021-06-15T09:56:40,1200.0,52.2,S
2021-06-15T09:56:40,8200.0,52.2,S
2021-06-15T09:56:35,100.0,52.2,S
2021-06-15T09:56:35,1000.0,52.3,B
2021-06-15T09:56:34,1000.0,52.3,B
2021-06-15T09:56:32,200.0,52.3,B
2021-06-15T09:56:32,1000.0,52.2,S
2021-06-15T09:56:31,100.0,52.3,B
2021-06-15T09:56:30,15000.0,52.2,S
2021-06-15T09:56:29,1000.0,52.2,S
2021-06-15T09:56:27,4000.0,52.3,B
2021-06-15T09:56:23,1700.0,52.2,S
2021-06-15T09:56:22,8000.0,52.2,S
2021-06-15T09:56:10,1000.0,52.2,S
2021-06-15T09:56:07,100.0,52.2,S
2021-06-15T09:56:01,500.0,52.2,S
2021-06-15T09:56:01,200.0,52.2,S
2021-06-15T09:55:53,34600.0,52.2,S
2021-06-15T09:55:47,100.0,52.2,S
2021-06-15T09:55:45,1000.0,52.3,B
2021-06-15T09:55:45,200.0,52.2,S
2021-06-15T09:55:39,300.0,52.3,B
2021-06-15T09:55:32,100.0,52.3,B
2021-06-15T09:55:31,100.0,52.3,B
2021-06-15T09:55:29,100.0,52.2,S
2021-06-15T09:55:28,500.0,52.2,S
2021-06-15T09:55:23,500.0,52.3,B
2021-06-15T09:55:16,500.0,52.3,B
2021-06-15T09:55:14,500.0,52.3,B
2021-06-15T09:55:13,100.0,52.3,B
2021-06-15T09:55:10,500.0,52.2,S
2021-06-15T09:55:09,100.0,52.3,B
2021-06-15T09:55:07,1000.0,52.3,B
2021-06-15T09:55:07,100.0,52.2,S
2021-06-15T09:55:03,5000.0,52.3,B
2021-06-15T09:55:00,2200.0,52.3,B
2021-06-15T09:54:59,500.0,52.3,B
2021-06-15T09:54:58,500.0,52.3,B
2021-06-15T09:54:56,100.0,52.3,B
2021-06-15T09:54:55,1100.0,52.3,B
2021-06-15T09:54:49,100.0,52.3,B
2021-06-15T09:54:40,1000.0,52.2,S
2021-06-15T09:54:38,2000.0,52.3,B
2021-06-15T09:54:35,100.0,52.3,B
2021-06-15T09:54:35,500.0,52.3,B
2021-06-15T09:54:31,7400.0,52.3,S
2021-06-15T09:54:31,800.0,52.2,S
2021-06-15T09:54:29,1000.0,52.3,S
2021-06-15T09:54:25,300.0,52.3,S
2021-06-15T09:54:24,100.0,52.3,S
2021-06-15T09:54:23,15000.0,52.3,S
2021-06-15T09:54:18,100.0,52.3,S
2021-06-15T09:54:17,2800.0,52.3,S
2021-06-15T09:54:16,800.0,52.3,S
2021-06-15T09:54:16,300.0,52.3,S
2021-06-15T09:54:16,5000.0,52.3,S
2021-06-15T09:54:16,21700.0,52.3,S
2021-06-15T09:54:16,1000.0,52.3,S
2021-06-15T09:54:16,100.0,52.3,S
2021-06-15T09:54:16,200.0,52.3,S
2021-06-15T09:54:16,2000.0,52.3,S
2021-06-15T09:54:14,200.0,52.4,B
2021-06-15T09:54:11,400.0,52.3,S
2021-06-15T09:54:09,3600.0,52.3,S
2021-06-15T09:54:06,500.0,52.3,S
2021-06-15T09:54:03,4300.0,52.3,S
2021-06-15T09:53:51,3000.0,52.3,S
2021-06-15T09:53:45,2000.0,52.4,B
2021-06-15T09:53:41,6000.0,52.3,B
2021-06-15T09:53:40,100.0,52.3,B
2021-06-15T09:53:29,1300.0,52.3,B
2021-06-15T09:53:24,2000.0,52.2,S
2021-06-15T09:53:20,100.0,52.3,B
2021-06-15T09:53:16,500.0,52.3,B
2021-06-15T09:53:13,100.0,52.2,S
2021-06-15T09:53:13,1000.0,52.2,S
2021-06-15T09:53:11,4100.0,52.3,B
2021-06-15T09:53:11,900.0,52.3,B
2021-06-15T09:53:09,700.0,52.3,B
2021-06-15T09:53:09,100.0,52.3,B
2021-06-15T09:53:08,100.0,52.3,B
2021-06-15T09:53:06,500.0,52.3,B
2021-06-15T09:52:49,2600.0,52.3,S
2021-06-15T09:52:38,100.0,52.3,S
2021-06-15T09:52:26,600.0,52.2,S
2021-06-15T09:52:24,1100.0,52.3,S
2021-06-15T09:52:18,500.0,52.4,B
2021-06-15T09:52:13,100.0,52.3,S
2021-06-15T09:52:09,100.0,52.4,B
2021-06-15T09:52:08,200.0,52.3,S
2021-06-15T09:52:07,20300.0,52.4,B
2021-06-15T09:52:03,600.0,52.2,S
2021-06-15T09:52:01,300.0,52.2,S
2021-06-15T09:52:00,30000.0,52.2,S
2021-06-15T09:51:58,500.0,52.3,S
2021-06-15T09:51:57,600.0,52.3,S
2021-06-15T09:51:56,4500.0,52.3,S
2021-06-15T09:51:56,200.0,52.2,S
2021-06-15T09:51:55,400.0,52.3,S
2021-06-15T09:51:53,2000.0,52.2,S
2021-06-15T09:51:53,100.0,52.3,S
2021-06-15T09:51:51,1000.0,52.2,S
2021-06-15T09:51:49,4700.0,52.2,S
2021-06-15T09:51:49,5300.0,52.2,S
2021-06-15T09:51:40,200.0,52.3,S
2021-06-15T09:51:40,100.0,52.3,S
2021-06-15T09:51:38,5200.0,52.3,S
2021-06-15T09:51:38,500.0,52.3,S
2021-06-15T09:51:35,300.0,52.3,S
2021-06-15T09:51:34,200.0,52.4,B
2021-06-15T09:51:32,100.0,52.3,S
2021-06-15T09:51:31,200.0,52.3,S
2021-06-15T09:51:19,600.0,52.4,B
2021-06-15T09:51:16,700.0,52.3,S
2021-06-15T09:51:08,600.0,52.2,S
2021-06-15T09:51:08,200.0,52.2,S
2021-06-15T09:51:07,300.0,52.3,S
2021-06-15T09:51:03,1000.0,52.4,B
2021-06-15T09:50:52,100.0,52.3,S
2021-06-15T09:50:49,5000.0,52.2,S
2021-06-15T09:50:45,2000.0,52.4,B
2021-06-15T09:50:45,800.0,52.3,S
2021-06-15T09:50:45,200.0,52.4,B
2021-06-15T09:50:45,100.0,52.4,B
2021-06-15T09:50:35,1000.0,52.4,B
2021-06-15T09:50:34,300.0,52.3,S
2021-06-15T09:50:33,100.0,52.4,B
2021-06-15T09:50:32,100.0,52.4,B
2021-06-15T09:50:28,200.0,52.3,S
2021-06-15T09:50:24,300.0,52.3,S
2021-06-15T09:50:24,800.0,52.3,S
2021-06-15T09:50:23,1400.0,52.2,S
2021-06-15T09:50:23,3600.0,52.2,S
2021-06-15T09:50:21,5000.0,52.3,S
2021-06-15T09:50:20,700.0,52.3,S
2021-06-15T09:50:14,4000.0,52.4,B
2021-06-15T09:50:11,10500.0,52.4,B
2021-06-15T09:50:08,100.0,52.3,S
2021-06-15T09:50:06,200.0,52.3,S
2021-06-15T09:50:05,400.0,52.3,S
2021-06-15T09:50:03,7400.0,52.3,S
2021-06-15T09:49:53,200.0,52.3,S
2021-06-15T09:49:51,300.0,52.3,S
2021-06-15T09:49:50,300.0,52.4,B
2021-06-15T09:49:48,1000.0,52.4,B
2021-06-15T09:49:48,200.0,52.4,B
2021-06-15T09:49:45,1000.0,52.3,S
2021-06-15T09:49:40,500.0,52.4,S
2021-06-15T09:49:40,200.0,52.4,S
2021-06-15T09:49:39,100.0,52.4,S
2021-06-15T09:49:38,200.0,52.4,S
2021-06-15T09:49:37,1000.0,52.4,S
2021-06-15T09:49:37,15400.0,52.3,S
2021-06-15T09:49:36,100.0,52.4,S
2021-06-15T09:49:35,500.0,52.4,S
2021-06-15T09:49:34,1000.0,52.4,S
2021-06-15T09:49:33,100.0,52.4,S
2021-06-15T09:49:32,100.0,52.3,S
2021-06-15T09:49:31,2000.0,52.4,S
2021-06-15T09:49:28,100.0,52.4,S
2021-06-15T09:49:26,10000.0,52.3,S
2021-06-15T09:49:18,500.0,52.4,S
2021-06-15T09:48:49,1900.0,52.4,S
2021-06-15T09:48:49,1500.0,52.4,S
2021-06-15T09:48:49,1500.0,52.4,S
2021-06-15T09:48:47,200.0,52.4,S
2021-06-15T09:48:46,200.0,52.4,S
2021-06-15T09:48:40,8200.0,52.4,S
2021-06-15T09:48:40,500.0,52.4,S
2021-06-15T09:48:39,15700.0,52.4,S
2021-06-15T09:48:36,400.0,52.4,S
2021-06-15T09:48:33,200.0,52.4,S
2021-06-15T09:48:25,500.0,52.4,S
2021-06-15T09:48:24,700.0,52.4,S
2021-06-15T09:48:20,200.0,52.4,S
2021-06-15T09:48:18,1500.0,52.4,S
2021-06-15T09:48:16,5000.0,52.4,S
2021-06-15T09:48:13,1000.0,52.4,S
2021-06-15T09:48:11,400.0,52.4,S
2021-06-15T09:48:10,1000.0,52.4,S
2021-06-15T09:48:09,1000.0,52.4,S
2021-06-15T09:48:09,2000.0,52.4,S
2021-06-15T09:48:06,100.0,52.4,S
2021-06-15T09:48:06,400.0,52.4,S
2021-06-15T09:48:04,1000.0,52.4,S
2021-06-15T09:48:02,400.0,52.5,B
2021-06-15T09:47:57,1000.0,52.4,S
2021-06-15T09:47:56,400.0,52.5,B
2021-06-15T09:47:48,500.0,52.4,S
2021-06-15T09:47:46,5000.0,52.4,S
2021-06-15T09:47:44,5000.0,52.4,S
2021-06-15T09:47:34,200.0,52.5,B
2021-06-15T09:47:31,5000.0,52.4,S
2021-06-15T09:47:29,4300.0,52.4,S
2021-06-15T09:47:22,1000.0,52.5,B
2021-06-15T09:47:21,1000.0,52.5,B
2021-06-15T09:47:20,600.0,52.5,B
2021-06-15T09:47:20,100.0,52.4,S
2021-06-15T09:47:14,1000.0,52.4,S
2021-06-15T09:47:08,600.0,52.5,B
2021-06-15T09:47:06,500.0,52.5,B
2021-06-15T09:47:01,13000.0,52.4,S
2021-06-15T09:47:01,1000.0,52.5,B
2021-06-15T09:46:59,500.0,52.5,B
2021-06-15T09:46:59,1100.0,52.5,B
2021-06-15T09:46:59,700.0,52.5,B
2021-06-15T09:46:59,4300.0,52.5,B
2021-06-15T09:46:58,1000.0,52.4,S
2021-06-15T09:46:56,100.0,52.5,S
2021-06-15T09:46:48,100.0,52.5,S
2021-06-15T09:46:46,100.0,52.5,S
2021-06-15T09:46:46,1000.0,52.4,S
2021-06-15T09:46:43,100.0,52.5,S
2021-06-15T09:46:42,300.0,52.5,S
2021-06-15T09:46:41,1400.0,52.5,S
2021-06-15T09:46:35,4500.0,52.4,S
2021-06-15T09:46:35,500.0,52.5,S
2021-06-15T09:46:35,500.0,52.5,S
2021-06-15T09:46:34,400.0,52.4,S
2021-06-15T09:46:33,500.0,52.5,S
2021-06-15T09:46:27,1000.0,52.5,S
2021-06-15T09:46:27,1100.0,52.5,S
2021-06-15T09:46:27,12600.0,52.5,S
2021-06-15T09:46:27,31700.0,52.5,S
2021-06-15T09:46:23,100.0,52.5,S
2021-06-15T09:46:21,100.0,52.5,S
2021-06-15T09:46:20,100.0,52.6,B
2021-06-15T09:46:12,5200.0,52.5,S
2021-06-15T09:46:12,10600.0,52.5,S
2021-06-15T09:46:12,2900.0,52.5,S
2021-06-15T09:46:09,1000.0,52.6,B
2021-06-15T09:46:07,200.0,52.6,B
2021-06-15T09:46:05,100.0,52.5,S
2021-06-15T09:46:05,6000.0,52.7,B
2021-06-15T09:46:04,1000.0,52.6,B
2021-06-15T09:45:58,1000.0,52.6,B
2021-06-15T09:45:55,3700.0,52.5,S
2021-06-15T09:45:55,3600.0,52.5,S
2021-06-15T09:45:55,700.0,52.5,S
2021-06-15T09:45:54,2000.0,52.5,S
2021-06-15T09:45:50,100.0,52.6,B
2021-06-15T09:45:48,1900.0,52.6,B
2021-06-15T09:45:47,100.0,52.6,B
2021-06-15T09:45:44,1600.0,52.5,S
2021-06-15T09:45:44,200.0,52.7,B
2021-06-15T09:45:43,300.0,52.5,S
2021-06-15T09:45:40,3000.0,52.7,B
2021-06-15T09:45:36,600.0,52.6,B
2021-06-15T09:45:32,2000.0,52.5,S
2021-06-15T09:45:32,100.0,52.5,S
2021-06-15T09:45:31,11000.0,52.5,S
2021-06-15T09:45:18,2500.0,52.5,S
2021-06-15T09:45:15,3000.0,52.5,S
2021-06-15T09:45:15,500.0,52.6,B
2021-06-15T09:45:14,3000.0,52.5,S
2021-06-15T09:45:13,200.0,52.5,S
2021-06-15T09:45:11,500.0,52.5,S
2021-06-15T09:45:10,1500.0,52.5,S
2021-06-15T09:45:04,500.0,52.7,B
2021-06-15T09:44:58,300.0,52.6,S
2021-06-15T09:44:55,100.0,52.5,S
2021-06-15T09:44:52,500.0,52.5,S
2021-06-15T09:44:48,400.0,52.7,B
2021-06-15T09:44:46,700.0,52.7,B
2021-06-15T09:44:44,800.0,52.4,S
2021-06-15T09:44:44,1900.0,52.7,B
2021-06-15T09:44:40,500.0,52.7,B
2021-06-15T09:44:39,200.0,52.4,S
2021-06-15T09:44:35,300.0,52.4,S
2021-06-15T09:44:35,2500.0,52.4,S
2021-06-15T09:44:35,1700.0,52.4,S
2021-06-15T09:44:35,800.0,52.4,S
2021-06-15T09:44:35,2000.0,52.4,S
2021-06-15T09:44:35,9800.0,52.4,S
2021-06-15T09:44:35,12900.0,52.4,S
2021-06-15T09:44:34,100.0,52.7,S
2021-06-15T09:44:30,9800.0,52.4,S
2021-06-15T09:44:30,200.0,52.5,S
2021-06-15T09:44:29,1000.0,52.7,S
2021-06-15T09:44:23,1500.0,52.4,S
2021-06-15T09:44:23,28500.0,52.5,S
2021-06-15T09:44:18,400.0,52.7,S
2021-06-15T09:44:18,47200.0,52.5,S
2021-06-15T09:44:18,24800.0,52.5,S
2021-06-15T09:44:13,100.0,52.6,S
2021-06-15T09:44:11,800.0,52.5,S
2021-06-15T09:44:09,200.0,52.5,S
2021-06-15T09:44:08,500.0,52.7,S
2021-06-15T09:44:05,1300.0,52.5,S
2021-06-15T09:44:02,6500.0,52.7,S
2021-06-15T09:44:02,5500.0,52.7,S
2021-06-15T09:43:58,4500.0,52.5,S
2021-06-15T09:43:58,1100.0,52.5,S
2021-06-15T09:43:58,2100.0,52.5,S
2021-06-15T09:43:58,800.0,52.5,S
2021-06-15T09:43:57,100.0,52.6,S
2021-06-15T09:43:52,400.0,52.7,S
2021-06-15T09:43:52,300.0,52.7,S
2021-06-15T09:43:52,500.0,52.7,S
2021-06-15T09:43:51,200.0,52.7,S
2021-06-15T09:43:50,100.0,52.7,S
2021-06-15T09:43:50,200.0,52.5,S
2021-06-15T09:43:50,600.0,52.5,S
2021-06-15T09:43:50,600.0,52.5,S
2021-06-15T09:43:50,5800.0,52.5,S
2021-06-15T09:43:50,5000.0,52.6,S
2021-06-15T09:43:49,8000.0,52.6,S
2021-06-15T09:43:45,4000.0,52.6,S
2021-06-15T09:43:42,100.0,52.7,S
2021-06-15T09:43:42,200.0,52.7,S
2021-06-15T09:43:42,6400.0,52.7,S
2021-06-15T09:43:41,16100.0,52.7,S
2021-06-15T09:43:41,3000.0,52.7,S
2021-06-15T09:43:31,1000.0,52.7,S
2021-06-15T09:43:31,2000.0,52.7,S
2021-06-15T09:43:31,800.0,52.7,S
2021-06-15T09:43:30,1000.0,52.7,S
2021-06-15T09:43:30,1500.0,52.7,S
2021-06-15T09:43:28,5000.0,52.7,S
2021-06-15T09:43:26,1200.0,52.7,S
2021-06-15T09:43:23,300.0,52.8,B
2021-06-15T09:43:22,5000.0,52.7,S
2021-06-15T09:43:18,3900.0,52.7,S
2021-06-15T09:43:16,1000.0,52.7,S
2021-06-15T09:43:13,1000.0,52.8,S
2021-06-15T09:43:12,100.0,52.8,S
2021-06-15T09:43:09,100.0,52.7,S
2021-06-15T09:43:08,100.0,52.8,S
2021-06-15T09:43:08,4200.0,52.8,S
2021-06-15T09:43:06,2000.0,52.8,S
2021-06-15T09:43:03,500.0,52.8,S
2021-06-15T09:43:00,700.0,52.8,S
2021-06-15T09:42:59,100.0,52.8,S
2021-06-15T09:42:59,2100.0,52.7,S
2021-06-15T09:42:55,2000.0,52.8,S
2021-06-15T09:42:53,800.0,52.8,S
2021-06-15T09:42:50,1400.0,52.8,S
2021-06-15T09:42:49,3700.0,52.8,S
2021-06-15T09:42:49,100.0,52.7,S
2021-06-15T09:42:48,1200.0,52.8,S
2021-06-15T09:42:46,1200.0,52.8,S
2021-06-15T09:42:46,3800.0,52.8,S
2021-06-15T09:42:45,1300.0,52.8,S
2021-06-15T09:42:40,5000.0,52.7,S
2021-06-15T09:42:38,2800.0,52.8,S
2021-06-15T09:42:38,300.0,52.8,S
2021-06-15T09:42:37,500.0,52.8,S
2021-06-15T09:42:35,1400.0,52.8,S
2021-06-15T09:42:35,7400.0,52.8,S
2021-06-15T09:42:34,100.0,52.8,S
2021-06-15T09:42:33,500.0,52.8,S
2021-06-15T09:42:32,10000.0,52.8,S
2021-06-15T09:42:31,100.0,52.9,S
2021-06-15T09:42:23,2000.0,52.8,S
2021-06-15T09:42:17,2600.0,52.8,S
2021-06-15T09:42:10,200.0,52.8,S
2021-06-15T09:42:08,100.0,52.9,S
2021-06-15T09:42:01,3000.0,52.8,S
2021-06-15T09:41:58,200.0,52.9,S
2021-06-15T09:41:56,200.0,53.0,B
2021-06-15T09:41:55,4900.0,52.9,S
2021-06-15T09:41:55,9400.0,52.9,S
2021-06-15T09:41:55,2600.0,52.9,S
2021-06-15T09:41:55,900.0,52.9,S
2021-06-15T09:41:55,4500.0,52.9,S
2021-06-15T09:41:53,100.0,53.0,B
2021-06-15T09:41:51,200.0,52.9,S
2021-06-15T09:41:48,200.0,53.0,B
2021-06-15T09:41:48,500.0,53.0,B
2021-06-15T09:41:48,700.0,52.9,S
2021-06-15T09:41:47,21800.0,52.9,S
2021-06-15T09:41:29,300.0,53.0,B
2021-06-15T09:41:25,300.0,53.0,B
2021-06-15T09:41:25,1000.0,52.9,S
2021-06-15T09:41:23,600.0,53.0,B
2021-06-15T09:41:21,5000.0,53.0,B
2021-06-15T09:41:18,500.0,53.0,B
2021-06-15T09:41:16,100.0,53.0,B
2021-06-15T09:41:15,10000.0,53.0,B
2021-06-15T09:41:14,800.0,52.9,S
2021-06-15T09:41:10,700.0,53.0,B
2021-06-15T09:41:06,300.0,52.9,S
2021-06-15T09:41:00,600.0,53.1,S
2021-06-15T09:40:59,1500.0,53.0,S
2021-06-15T09:40:59,100.0,53.0,S
2021-06-15T09:40:56,500.0,53.0,S
2021-06-15T09:40:54,10000.0,52.9,S
2021-06-15T09:40:54,500.0,53.0,S
2021-06-15T09:40:53,100.0,53.0,S
2021-06-15T09:40:50,100.0,53.0,S
2021-06-15T09:40:50,500.0,53.0,S
2021-06-15T09:40:50,200.0,52.9,S
2021-06-15T09:40:48,2100.0,53.0,S
2021-06-15T09:40:46,2000.0,53.0,S
2021-06-15T09:40:45,1600.0,53.0,S
2021-06-15T09:40:45,700.0,53.0,S
2021-06-15T09:40:45,700.0,53.0,S
2021-06-15T09:40:43,2000.0,53.2,B
2021-06-15T09:40:42,1000.0,53.2,B
2021-06-15T09:40:39,100.0,53.2,B
2021-06-15T09:40:39,3300.0,53.0,S
2021-06-15T09:40:39,1100.0,53.0,S
2021-06-15T09:40:38,5600.0,53.0,S
2021-06-15T09:40:38,100.0,53.2,B
2021-06-15T09:40:36,4000.0,53.0,S
2021-06-15T09:40:36,200.0,53.0,S
2021-06-15T09:40:36,4000.0,53.0,S
2021-06-15T09:40:36,1500.0,53.0,S
2021-06-15T09:40:36,19300.0,53.0,S
2021-06-15T09:40:35,1000.0,53.0,S
2021-06-15T09:40:34,100.0,53.0,S
2021-06-15T09:40:34,300.0,53.2,B
2021-06-15T09:40:34,1600.0,53.0,S
2021-06-15T09:40:33,10400.0,53.0,S
2021-06-15T09:40:30,200.0,53.1,S
2021-06-15T09:40:30,500.0,53.1,S
2021-06-15T09:40:29,100.0,53.1,S
2021-06-15T09:40:28,1200.0,53.1,S
2021-06-15T09:40:27,5000.0,53.1,S
2021-06-15T09:40:23,5000.0,53.1,S
2021-06-15T09:40:22,100.0,53.2,S
2021-06-15T09:40:18,200.0,53.2,S
2021-06-15T09:40:18,2000.0,53.1,S
2021-06-15T09:40:16,1000.0,53.2,S
2021-06-15T09:40:15,100.0,53.2,S
2021-06-15T09:40:15,1000.0,53.2,S
2021-06-15T09:40:13,100.0,53.2,S
2021-06-15T09:40:12,200.0,53.2,S
2021-06-15T09:40:12,1000.0,53.2,S
2021-06-15T09:40:11,10000.0,53.1,S
2021-06-15T09:40:06,10000.0,53.1,S
2021-06-15T09:40:05,1000.0,53.2,S
2021-06-15T09:40:05,1500.0,53.1,S
2021-06-15T09:40:04,500.0,53.2,S
2021-06-15T09:40:04,1300.0,53.2,S
2021-06-15T09:40:04,100.0,53.2,S
2021-06-15T09:40:04,2200.0,53.2,S
2021-06-15T09:40:02,100.0,53.2,S
2021-06-15T09:40:00,1000.0,53.3,B
2021-06-15T09:40:00,700.0,53.2,S
2021-06-15T09:39:59,1000.0,53.2,S
2021-06-15T09:39:59,2500.0,53.3,B
2021-06-15T09:39:58,1900.0,53.3,B
2021-06-15T09:39:56,2000.0,53.2,S
2021-06-15T09:39:52,4000.0,53.2,S
2021-06-15T09:39:50,500.0,53.3,B
2021-06-15T09:39:48,34600.0,53.2,S
2021-06-15T09:39:48,2200.0,53.2,S
2021-06-15T09:39:48,2100.0,53.2,S
2021-06-15T09:39:48,400.0,53.2,S
2021-06-15T09:39:48,1600.0,53.2,S
2021-06-15T09:39:48,9100.0,53.2,S
2021-06-15T09:39:43,500.0,53.2,S
2021-06-15T09:39:43,300.0,53.2,S
2021-06-15T09:39:38,1000.0,53.3,B
2021-06-15T09:39:38,5000.0,53.2,S
2021-06-15T09:39:36,10000.0,53.2,S
2021-06-15T09:39:35,200.0,53.3,B
2021-06-15T09:39:30,200.0,53.2,S
2021-06-15T09:39:29,1000.0,53.3,B
2021-06-15T09:39:29,100.0,53.2,S
2021-06-15T09:39:28,700.0,53.2,S
2021-06-15T09:39:24,1000.0,53.2,S
2021-06-15T09:39:21,200.0,53.3,B
2021-06-15T09:39:21,2000.0,53.2,S
2021-06-15T09:39:20,500.0,53.3,B
2021-06-15T09:39:16,1100.0,53.2,S
2021-06-15T09:39:09,500.0,53.2,S
2021-06-15T09:39:08,5000.0,53.3,B
2021-06-15T09:38:58,500.0,53.3,B
2021-06-15T09:38:54,500.0,53.2,S
2021-06-15T09:38:54,1100.0,53.3,B
2021-06-15T09:38:53,10500.0,53.3,B
2021-06-15T09:38:53,400.0,53.2,S
2021-06-15T09:38:52,100.0,53.3,B
2021-06-15T09:38:50,500.0,53.2,S
2021-06-15T09:38:50,16300.0,53.2,S
2021-06-15T09:38:50,2200.0,53.3,B
2021-06-15T09:38:48,500.0,53.3,B
2021-06-15T09:38:47,1600.0,53.2,S
2021-06-15T09:38:43,100.0,53.2,S
2021-06-15T09:38:41,2800.0,53.2,S
2021-06-15T09:38:37,1000.0,53.3,B
2021-06-15T09:38:36,1000.0,53.3,B
2021-06-15T09:38:36,1000.0,53.3,B
2021-06-15T09:38:35,500.0,53.3,B
2021-06-15T09:38:33,2000.0,53.3,B
2021-06-15T09:38:33,800.0,53.3,B
2021-06-15T09:38:32,400.0,53.2,S
2021-06-15T09:38:29,500.0,53.3,B
2021-06-15T09:38:29,4300.0,53.3,B
2021-06-15T09:38:28,19400.0,53.3,B
2021-06-15T09:38:26,10600.0,53.3,B
2021-06-15T09:38:26,500.0,53.3,B
2021-06-15T09:38:24,1000.0,53.2,S
2021-06-15T09:38:22,1600.0,53.3,B
2021-06-15T09:38:21,1000.0,53.2,S
2021-06-15T09:38:20,9000.0,53.3,B
2021-06-15T09:38:17,3100.0,53.2,S
2021-06-15T09:38:15,100.0,53.3,B
2021-06-15T09:38:14,500.0,53.3,B
2021-06-15T09:38:14,100.0,53.2,S
2021-06-15T09:38:13,100.0,53.3,B
2021-06-15T09:38:12,400.0,53.3,B
2021-06-15T09:38:10,13200.0,53.3,B
2021-06-15T09:38:10,100.0,53.3,B
2021-06-15T09:38:10,1200.0,53.3,B
2021-06-15T09:38:10,600.0,53.3,B
2021-06-15T09:38:10,1000.0,53.3,B
2021-06-15T09:38:10,1100.0,53.3,B
2021-06-15T09:38:10,7000.0,53.3,B
2021-06-15T09:38:10,5300.0,53.3,B
2021-06-15T09:38:10,500.0,53.4,B
2021-06-15T09:38:08,200.0,53.4,B
2021-06-15T09:38:03,200.0,53.3,B
2021-06-15T09:38:01,1500.0,53.3,B
2021-06-15T09:37:57,300.0,53.3,B
2021-06-15T09:37:54,1200.0,53.4,B
2021-06-15T09:37:53,500.0,53.3,B
2021-06-15T09:37:52,5000.0,53.3,B
2021-06-15T09:37:50,1400.0,53.3,B
2021-06-15T09:37:50,200.0,53.3,B
2021-06-15T09:37:47,500.0,53.3,B
2021-06-15T09:37:44,600.0,53.3,B
2021-06-15T09:37:42,1000.0,53.3,B
2021-06-15T09:37:42,700.0,53.3,B
2021-06-15T09:37:42,500.0,53.3,B
2021-06-15T09:37:36,1900.0,53.3,B
2021-06-15T09:37:35,600.0,53.3,B
2021-06-15T09:37:33,1000.0,53.3,B
2021-06-15T09:37:33,500.0,53.3,B
2021-06-15T09:37:33,1000.0,53.3,B
2021-06-15T09:37:32,500.0,53.4,B
2021-06-15T09:37:32,400.0,53.4,B
2021-06-15T09:37:31,1000.0,53.3,B
2021-06-15T09:37:30,13800.0,53.3,B
2021-06-15T09:37:30,200.0,53.3,B
2021-06-15T09:37:30,7300.0,53.3,B
2021-06-15T09:37:30,500.0,53.3,B
2021-06-15T09:37:30,2400.0,53.3,B
2021-06-15T09:37:26,1500.0,53.3,B
2021-06-15T09:37:25,5000.0,53.4,B
2021-06-15T09:37:17,1000.0,53.3,B
2021-06-15T09:37:15,1200.0,53.4,B
2021-06-15T09:37:14,10100.0,53.3,B
2021-06-15T09:37:10,100.0,53.3,B
2021-06-15T09:37:04,1000.0,53.3,B
2021-06-15T09:37:04,100.0,53.4,B
2021-06-15T09:37:03,2000.0,53.4,B
2021-06-15T09:37:02,300.0,53.3,B
2021-06-15T09:37:02,300.0,53.3,B
2021-06-15T09:37:00,300.0,53.4,B
2021-06-15T09:37:00,100.0,53.4,B
2021-06-15T09:36:59,600.0,53.4,B
2021-06-15T09:36:58,100.0,53.3,B
2021-06-15T09:36:53,1000.0,53.3,B
2021-06-15T09:36:53,1000.0,53.3,B
2021-06-15T09:36:51,1000.0,53.3,B
2021-06-15T09:36:50,1000.0,53.4,B
2021-06-15T09:36:49,2100.0,53.3,B
2021-06-15T09:36:47,100.0,53.2,S
2021-06-15T09:36:46,2700.0,53.2,S
2021-06-15T09:36:45,7300.0,53.2,S
2021-06-15T09:36:44,2000.0,53.3,B
2021-06-15T09:36:43,100.0,53.2,S
2021-06-15T09:36:43,1000.0,53.3,B
2021-06-15T09:36:42,500.0,53.3,B
2021-06-15T09:36:41,8600.0,53.3,B
2021-06-15T09:36:41,1000.0,53.3,B
2021-06-15T09:36:41,10400.0,53.3,B
2021-06-15T09:36:40,6300.0,53.3,B
2021-06-15T09:36:39,2000.0,53.3,B
2021-06-15T09:36:36,500.0,53.3,B
2021-06-15T09:36:36,500.0,53.3,B
2021-06-15T09:36:35,1000.0,53.2,S
2021-06-15T09:36:33,2000.0,53.3,B
2021-06-15T09:36:27,100.0,53.2,S
2021-06-15T09:36:23,1000.0,53.2,S
2021-06-15T09:36:22,200.0,53.3,B
2021-06-15T09:36:20,2200.0,53.3,B
2021-06-15T09:36:19,500.0,53.2,S
2021-06-15T09:36:15,3000.0,53.3,B
2021-06-15T09:36:14,400.0,53.3,B
2021-06-15T09:36:14,1000.0,53.2,S
2021-06-15T09:36:10,5000.0,53.3,B
2021-06-15T09:36:06,700.0,53.2,S
2021-06-15T09:36:06,1000.0,53.2,S
2021-06-15T09:35:59,2100.0,53.2,B
2021-06-15T09:35:58,500.0,53.3,B
2021-06-15T09:35:57,10000.0,53.2,B
2021-06-15T09:35:52,10000.0,53.2,B
2021-06-15T09:35:50,1000.0,53.2,B
2021-06-15T09:35:50,2000.0,53.2,B
2021-06-15T09:35:45,100.0,53.3,B
2021-06-15T09:35:45,200.0,53.4,B
2021-06-15T09:35:38,1000.0,53.2,B
2021-06-15T09:35:38,1500.0,53.3,B
2021-06-15T09:35:38,2000.0,53.4,B
2021-06-15T09:35:33,2000.0,53.2,B
2021-06-15T09:35:32,600.0,53.2,B
2021-06-15T09:35:31,2000.0,53.2,B
2021-06-15T09:35:25,900.0,53.4,B
2021-06-15T09:35:25,11200.0,53.4,B
2021-06-15T09:35:24,8300.0,53.2,B
2021-06-15T09:35:24,1000.0,53.2,B
2021-06-15T09:35:24,700.0,53.2,B
2021-06-15T09:35:23,500.0,53.2,B
2021-06-15T09:35:21,500.0,53.2,B
2021-06-15T09:35:15,100.0,53.3,B
2021-06-15T09:35:14,200.0,53.2,B
2021-06-15T09:35:12,200.0,53.2,B
2021-06-15T09:35:09,7000.0,53.2,B
2021-06-15T09:35:05,700.0,53.2,B
2021-06-15T09:35:03,300.0,53.3,B
2021-06-15T09:35:00,300.0,53.2,B
2021-06-15T09:34:57,200.0,53.2,B
2021-06-15T09:34:54,100.0,53.1,B
2021-06-15T09:34:52,3000.0,53.4,B
2021-06-15T09:34:48,5000.0,53.4,B
2021-06-15T09:34:47,200.0,53.4,B
2021-06-15T09:34:45,200.0,53.1,B
2021-06-15T09:34:42,600.0,53.4,B
2021-06-15T09:34:41,10000.0,53.1,B
2021-06-15T09:34:40,500.0,53.1,B
2021-06-15T09:34:34,1000.0,53.1,B
2021-06-15T09:34:31,5000.0,53.4,B
2021-06-15T09:34:24,3500.0,53.4,B
2021-06-15T09:34:24,200.0,53.1,B
2021-06-15T09:34:22,700.0,53.1,B
2021-06-15T09:34:21,1000.0,53.1,B
2021-06-15T09:34:14,300.0,53.1,B
2021-06-15T09:34:13,200.0,53.1,B
2021-06-15T09:34:13,5000.0,53.3,B
2021-06-15T09:34:11,2000.0,53.1,B
2021-06-15T09:34:10,3000.0,53.1,B
2021-06-15T09:34:08,10000.0,53.0,B
2021-06-15T09:34:08,100.0,53.1,B
2021-06-15T09:34:06,400.0,53.2,B
2021-06-15T09:34:06,4600.0,53.2,B
2021-06-15T09:34:05,8500.0,53.1,B
2021-06-15T09:34:05,3000.0,53.1,B
2021-06-15T09:34:05,5000.0,53.1,B
2021-06-15T09:34:04,300.0,53.2,B
2021-06-15T09:34:02,2000.0,53.1,B
2021-06-15T09:33:58,1000.0,53.1,B
2021-06-15T09:33:57,2000.0,53.1,B
2021-06-15T09:33:55,200.0,53.1,B
2021-06-15T09:33:54,4000.0,53.1,B
2021-06-15T09:33:54,100.0,53.2,B
2021-06-15T09:33:54,1000.0,53.1,B
2021-06-15T09:33:53,10000.0,53.1,B
2021-06-15T09:33:48,800.0,53.1,B
2021-06-15T09:33:47,400.0,53.1,B
2021-06-15T09:33:46,100.0,53.1,B
2021-06-15T09:33:45,200.0,53.1,B
2021-06-15T09:33:45,1000.0,53.1,B
2021-06-15T09:33:44,200.0,53.1,B
2021-06-15T09:33:39,100.0,53.1,B
2021-06-15T09:33:38,3000.0,53.2,B
2021-06-15T09:33:37,100.0,53.1,B
2021-06-15T09:33:30,500.0,53.1,B
2021-06-15T09:33:30,9100.0,53.0,B
2021-06-15T09:33:28,300.0,52.9,S
2021-06-15T09:33:28,800.0,53.0,B
2021-06-15T09:33:28,5000.0,53.0,B
2021-06-15T09:33:28,1000.0,53.0,B
2021-06-15T09:33:27,2000.0,53.0,B
2021-06-15T09:33:27,7000.0,53.0,B
2021-06-15T09:33:24,200.0,53.0,B
2021-06-15T09:33:22,1000.0,53.0,B
2021-06-15T09:33:22,200.0,53.0,B
2021-06-15T09:33:22,2500.0,53.0,B
2021-06-15T09:33:22,2000.0,53.0,B
2021-06-15T09:33:22,1000.0,53.0,B
2021-06-15T09:33:15,200.0,53.0,B
2021-06-15T09:33:15,100.0,53.0,B
2021-06-15T09:33:13,100.0,53.0,B
2021-06-15T09:33:13,2300.0,53.0,B
2021-06-15T09:33:11,200.0,52.9,S
2021-06-15T09:33:09,3000.0,53.0,B
2021-06-15T09:33:08,1100.0,53.0,B
2021-06-15T09:33:07,100.0,53.0,B
2021-06-15T09:33:06,2000.0,53.0,B
2021-06-15T09:33:05,7700.0,53.0,B
2021-06-15T09:33:02,1000.0,53.0,B
2021-06-15T09:33:02,12000.0,53.0,B
2021-06-15T09:33:02,1500.0,53.0,B
2021-06-15T09:33:02,2100.0,53.0,B
2021-06-15T09:33:02,9000.0,53.0,B
2021-06-15T09:33:01,14400.0,53.0,B
2021-06-15T09:32:59,100.0,53.0,B
2021-06-15T09:32:59,400.0,53.5,B
2021-06-15T09:32:59,14400.0,53.5,B
2021-06-15T09:32:59,8100.0,53.5,B
2021-06-15T09:32:57,3100.0,53.5,B
2021-06-15T09:32:57,800.0,53.5,B
2021-06-15T09:32:57,1000.0,53.5,B
2021-06-15T09:32:57,1000.0,53.5,B
2021-06-15T09:32:57,1800.0,53.5,B
2021-06-15T09:32:57,100.0,53.5,B
2021-06-15T09:32:56,300.0,53.5,B
2021-06-15T09:32:56,1100.0,53.5,B
2021-06-15T09:32:56,2000.0,53.5,B
2021-06-15T09:32:56,2300.0,53.5,B
2021-06-15T09:32:56,10500.0,53.3,B
2021-06-15T09:32:56,300.0,53.2,B
2021-06-15T09:32:56,1200.0,53.2,B
2021-06-15T09:32:56,5100.0,53.2,B
2021-06-15T09:32:56,1300.0,53.2,B
2021-06-15T09:32:56,13100.0,53.2,B
2021-06-15T09:32:54,200.0,53.0,B
2021-06-15T09:32:48,3800.0,53.2,B
2021-06-15T09:32:48,6200.0,53.2,B
2021-06-15T09:32:45,6800.0,53.0,B
2021-06-15T09:32:45,4500.0,53.0,B
2021-06-15T09:32:45,27300.0,53.0,B
2021-06-15T09:32:44,500.0,53.0,B
2021-06-15T09:32:44,100.0,53.0,B
2021-06-15T09:32:43,100.0,53.0,B
2021-06-15T09:32:43,100.0,53.0,B
2021-06-15T09:32:43,300.0,53.0,B
2021-06-15T09:32:39,5000.0,53.0,B
2021-06-15T09:32:39,500.0,53.0,B
2021-06-15T09:32:38,500.0,53.0,B
2021-06-15T09:32:35,500.0,53.0,B
2021-06-15T09:32:35,800.0,52.9,S
2021-06-15T09:32:31,4800.0,53.0,B
2021-06-15T09:32:31,200.0,53.0,B
2021-06-15T09:32:29,500.0,53.0,B
2021-06-15T09:32:28,200.0,53.0,B
2021-06-15T09:32:28,800.0,53.0,B
2021-06-15T09:32:27,1300.0,53.0,B
2021-06-15T09:32:27,1900.0,53.0,B
2021-06-15T09:32:27,1500.0,53.0,B
2021-06-15T09:32:27,6400.0,53.0,B
2021-06-15T09:32:25,100.0,53.0,B
2021-06-15T09:32:23,500.0,52.9,S
2021-06-15T09:32:19,5000.0,53.0,B
2021-06-15T09:32:18,2500.0,53.0,B
2021-06-15T09:32:18,500.0,53.0,B
2021-06-15T09:32:17,100.0,53.0,B
2021-06-15T09:32:17,2000.0,52.9,S
2021-06-15T09:32:16,2000.0,53.0,B
2021-06-15T09:32:09,200.0,53.0,B
2021-06-15T09:32:07,3100.0,53.0,B
2021-06-15T09:32:07,3100.0,53.0,B
2021-06-15T09:32:07,1400.0,53.0,B
2021-06-15T09:32:07,2200.0,53.0,B
2021-06-15T09:32:07,1600.0,53.0,B
2021-06-15T09:32:07,5600.0,53.0,B
2021-06-15T09:32:06,5000.0,53.0,B
2021-06-15T09:32:06,15000.0,53.0,B
2021-06-15T09:32:04,1600.0,53.0,B
2021-06-15T09:32:04,2700.0,53.0,B
2021-06-15T09:32:03,10700.0,53.0,B
2021-06-15T09:32:03,7200.0,53.0,B
2021-06-15T09:32:03,1000.0,53.0,B
2021-06-15T09:32:03,1900.0,53.0,B
2021-06-15T09:32:03,1000.0,53.0,B
2021-06-15T09:32:03,2100.0,53.0,B
2021-06-15T09:32:03,4000.0,53.0,B
2021-06-15T09:32:03,1400.0,53.0,B
2021-06-15T09:32:03,1100.0,53.0,B
2021-06-15T09:32:03,2300.0,53.0,B
2021-06-15T09:32:03,2200.0,53.0,B
2021-06-15T09:32:03,25800.0,53.0,B
2021-06-15T09:32:03,10000.0,52.9,B
2021-06-15T09:32:02,1000.0,53.0,B
2021-06-15T09:32:00,5000.0,53.0,B
2021-06-15T09:31:50,100.0,52.9,B
2021-06-15T09:31:49,200.0,53.0,B
2021-06-15T09:31:49,800.0,53.0,B
2021-06-15T09:31:48,1000.0,53.0,B
2021-06-15T09:31:48,1100.0,53.0,B
2021-06-15T09:31:48,1900.0,53.0,B
2021-06-15T09:31:47,3000.0,53.0,B
2021-06-15T09:31:46,5000.0,52.9,B
2021-06-15T09:31:45,30000.0,53.0,B
2021-06-15T09:31:45,8000.0,52.9,B
2021-06-15T09:31:40,5000.0,52.8,B
2021-06-15T09:31:36,10000.0,52.8,B
2021-06-15T09:31:32,6900.0,53.0,B
2021-06-15T09:31:32,2100.0,53.0,B
2021-06-15T09:31:32,1700.0,53.0,B
2021-06-15T09:31:32,6000.0,53.0,B
2021-06-15T09:31:32,28300.0,52.9,B
2021-06-15T09:31:31,300.0,52.9,B
2021-06-15T09:31:29,1000.0,52.8,B
2021-06-15T09:31:25,500.0,52.9,B
2021-06-15T09:31:19,1000.0,52.8,B
2021-06-15T09:31:17,2000.0,52.7,B
2021-06-15T09:31:14,500.0,52.8,B
2021-06-15T09:31:10,2000.0,52.9,B
2021-06-15T09:31:00,8000.0,52.7,B
2021-06-15T09:31:00,1000.0,52.7,B
2021-06-15T09:31:00,1000.0,52.8,B
2021-06-15T09:30:57,200.0,52.8,B
2021-06-15T09:30:56,5800.0,52.9,B
2021-06-15T09:30:56,3000.0,52.9,B
2021-06-15T09:30:55,8800.0,52.8,B
2021-06-15T09:30:53,200.0,52.6,B
2021-06-15T09:30:53,600.0,52.7,B
2021-06-15T09:30:50,2000.0,52.8,B
2021-06-15T09:30:48,200.0,52.8,B
2021-06-15T09:30:47,5000.0,52.8,B
2021-06-15T09:30:43,100.0,52.8,B
2021-06-15T09:30:43,200.0,52.7,B
2021-06-15T09:30:42,100.0,52.7,B
2021-06-15T09:30:36,100.0,52.7,B
2021-06-15T09:30:36,2000.0,52.8,B
2021-06-15T09:30:36,900.0,52.8,B
2021-06-15T09:30:24,100.0,52.7,B
2021-06-15T09:30:22,6800.0,52.4,S
2021-06-15T09:30:22,18200.0,52.5,B
2021-06-15T09:30:21,500.0,52.7,B
2021-06-15T09:30:19,7000.0,52.7,B
2021-06-15T09:30:16,1000.0,52.7,B
2021-06-15T09:30:15,11300.0,52.7,B
2021-06-15T09:30:13,600.0,52.5,B
2021-06-15T09:30:13,2000.0,52.5,B
2021-06-15T09:30:13,32400.0,52.5,B
2021-06-15T09:30:13,1000.0,52.6,B
2021-06-15T09:30:10,9000.0,52.7,B
2021-06-15T09:30:10,1000.0,52.6,B
2021-06-15T09:30:10,500.0,52.6,B
2021-06-15T09:30:08,2000.0,52.7,B
2021-06-15T09:30:07,100.0,52.6,B
2021-06-15T09:30:06,900.0,52.6,B
2021-06-15T09:30:04,3200.0,52.7,B
2021-06-15T09:29:59,3000.0,52.5,B
2021-06-15T09:29:56,100.0,52.5,B
2021-06-15T09:29:56,300.0,52.6,B
2021-06-15T09:29:56,1100.0,52.6,B
2021-06-15T09:29:55,600.0,52.6,B
2021-06-15T09:29:55,100.0,52.6,B
2021-06-15T09:29:55,1000.0,52.5,B
2021-06-15T09:29:54,200.0,52.5,B
2021-06-15T09:29:54,500.0,52.5,B
2021-06-15T09:29:53,100.0,52.5,B
2021-06-15T09:29:51,300.0,52.6,B
2021-06-15T09:29:47,100.0,52.5,B
2021-06-15T09:29:44,500.0,52.5,B
2021-06-15T09:29:42,200.0,52.5,B
2021-06-15T09:29:38,2500.0,52.6,B
2021-06-15T09:29:38,1000.0,52.6,B
2021-06-15T09:29:37,300.0,52.5,B
2021-06-15T09:29:35,8000.0,52.5,B
2021-06-15T09:29:34,300.0,52.6,B
2021-06-15T09:29:33,200.0,52.5,B
2021-06-15T09:29:31,1000.0,52.5,B
2021-06-15T09:29:31,200.0,52.5,B
2021-06-15T09:29:28,500.0,52.5,B
2021-06-15T09:29:28,400.0,52.5,B
2021-06-15T09:29:26,300.0,52.4,S
2021-06-15T09:29:25,100.0,52.5,B
2021-06-15T09:29:24,1000.0,52.5,B
2021-06-15T09:29:20,200.0,52.5,B
2021-06-15T09:29:20,1900.0,52.5,B
2021-06-15T09:29:20,2100.0,52.5,B
2021-06-15T09:29:20,3800.0,52.5,B
2021-06-15T09:29:18,100.0,52.5,B
2021-06-15T09:29:18,1000.0,52.5,B
2021-06-15T09:29:16,300.0,52.4,S
2021-06-15T09:29:14,200.0,52.4,S
2021-06-15T09:29:13,1000.0,52.5,B
2021-06-15T09:29:13,100.0,52.5,B
2021-06-15T09:29:11,2900.0,52.4,S
2021-06-15T09:29:10,700.0,52.4,S
2021-06-15T09:29:10,1200.0,52.4,S
2021-06-15T09:29:10,700.0,52.4,S
2021-06-15T09:29:10,1100.0,52.4,S
2021-06-15T09:29:09,2000.0,52.4,S
2021-06-15T09:29:09,15400.0,52.4,S
2021-06-15T09:29:09,1000.0,52.4,S
2021-06-15T09:29:07,4100.0,52.5,B
2021-06-15T09:29:07,1100.0,52.5,B
2021-06-15T09:29:07,4600.0,52.5,B
2021-06-15T09:29:07,1500.0,52.5,B
2021-06-15T09:29:07,1400.0,52.5,B
2021-06-15T09:29:07,300.0,52.5,B
2021-06-15T09:29:07,3200.0,52.5,B
2021-06-15T09:29:07,700.0,52.5,B
2021-06-15T09:29:07,8100.0,52.5,B
2021-06-15T09:29:06,100.0,52.5,B
2021-06-15T09:29:05,100.0,52.5,B
2021-06-15T09:29:04,300.0,52.5,B
2021-06-15T09:29:04,4700.0,52.5,B
2021-06-15T09:29:04,600.0,52.4,S
2021-06-15T09:28:59,100.0,52.5,B
2021-06-15T09:28:59,1600.0,52.4,S
2021-06-15T09:28:59,200.0,52.5,B
2021-06-15T09:28:59,200.0,52.4,S
2021-06-15T09:28:56,400.0,52.4,S
2021-06-15T09:28:53,1000.0,52.4,S
2021-06-15T09:28:49,1000.0,52.4,S
2021-06-15T09:28:48,500.0,52.5,B
2021-06-15T09:28:45,200.0,52.4,S
2021-06-15T09:28:39,1000.0,52.5,B
2021-06-15T09:28:34,4000.0,52.4,B
2021-06-15T09:28:33,1000.0,52.5,B
2021-06-15T09:28:31,200.0,52.4,B
2021-06-15T09:28:31,100.0,52.4,B
2021-06-15T09:28:27,2000.0,52.5,B
2021-06-15T09:28:27,500.0,52.4,B
2021-06-15T09:28:24,400.0,52.4,B
2021-06-15T09:28:24,300.0,52.4,B
2021-06-15T09:28:23,5000.0,52.4,B
2021-06-15T09:28:22,4500.0,52.4,B
2021-06-15T09:28:18,300.0,52.4,B
2021-06-15T09:28:18,400.0,52.3,S
2021-06-15T09:28:18,2800.0,52.4,B
2021-06-15T09:28:16,800.0,52.4,B
2021-06-15T09:28:14,100.0,52.4,B
2021-06-15T09:28:14,400.0,52.3,S
2021-06-15T09:28:13,1900.0,52.3,S
2021-06-15T09:28:13,100.0,52.4,B
2021-06-15T09:28:10,100.0,52.4,B
2021-06-15T09:28:08,1000.0,52.4,B
2021-06-15T09:27:58,4000.0,52.4,B
2021-06-15T09:27:57,3000.0,52.4,B
2021-06-15T09:27:56,300.0,52.3,S
2021-06-15T09:27:56,200.0,52.4,B
2021-06-15T09:27:50,200.0,52.3,S
2021-06-15T09:27:47,600.0,52.2,S
2021-06-15T09:27:46,700.0,52.4,B
2021-06-15T09:27:43,200.0,52.3,B
2021-06-15T09:27:39,1000.0,52.3,B
2021-06-15T09:27:38,2000.0,52.4,B
2021-06-15T09:27:37,200.0,52.3,B
2021-06-15T09:27:32,8400.0,52.4,B
2021-06-15T09:27:32,9300.0,52.4,B
2021-06-15T09:27:32,100.0,52.4,B
2021-06-15T09:27:32,700.0,52.4,B
2021-06-15T09:27:32,31500.0,52.4,B
2021-06-15T09:27:26,100.0,52.4,B
2021-06-15T09:27:16,10000.0,52.4,B
2021-06-15T09:27:12,1400.0,52.4,B
2021-06-15T09:27:12,100.0,52.4,B
2021-06-15T09:27:03,1000.0,52.1,S
2021-06-15T09:27:01,300.0,52.4,B
2021-06-15T09:26:58,700.0,52.0,S
2021-06-15T09:26:57,1200.0,52.4,B
2021-06-15T09:26:57,400.0,52.4,B
2021-06-15T09:26:57,200.0,52.4,B
2021-06-15T09:26:57,100.0,52.4,B
2021-06-15T09:26:57,500.0,52.4,B
2021-06-15T09:26:56,1200.0,52.4,B
2021-06-15T09:26:56,5000.0,52.4,B
2021-06-15T09:26:46,5000.0,52.0,S
2021-06-15T09:26:44,2400.0,52.3,S
2021-06-15T09:26:42,200.0,52.2,S
2021-06-15T09:26:41,2000.0,52.3,S
2021-06-15T09:26:26,1200.0,52.4,B
2021-06-15T09:26:22,1200.0,52.3,S
2021-06-15T09:26:21,100.0,52.0,S
2021-06-15T09:26:21,100.0,52.3,S
2021-06-15T09:26:21,800.0,52.0,S
2021-06-15T09:26:20,1000.0,52.3,S
2021-06-15T09:26:18,800.0,52.3,S
2021-06-15T09:26:15,100.0,52.4,B
2021-06-15T09:26:13,1200.0,52.4,B
2021-06-15T09:26:11,1800.0,52.0,S
2021-06-15T09:26:08,100.0,52.4,B
2021-06-15T09:26:05,1000.0,52.4,B
2021-06-15T09:26:04,300.0,52.3,S
2021-06-15T09:26:03,2300.0,52.0,S
2021-06-15T09:26:03,500.0,52.3,S
2021-06-15T09:26:00,1200.0,52.4,B
2021-06-15T09:25:52,2000.0,52.4,B
2021-06-15T09:25:48,400.0,52.0,S
2021-06-15T09:25:48,1200.0,52.4,B
2021-06-15T09:25:47,500.0,52.0,S
2021-06-15T09:25:47,200.0,52.2,S
2021-06-15T09:25:46,200.0,52.2,S
2021-06-15T09:25:45,100.0,52.2,S
2021-06-15T09:25:45,400.0,52.2,S
2021-06-15T09:25:43,200.0,52.2,S
2021-06-15T09:25:42,500.0,52.0,S
2021-06-15T09:25:42,300.0,52.0,S
2021-06-15T09:25:42,600.0,52.0,S
2021-06-15T09:25:41,500.0,52.0,S
2021-06-15T09:25:41,200.0,52.0,S
2021-06-15T09:25:41,300.0,52.0,S
2021-06-15T09:25:40,900.0,52.4,B
2021-06-15T09:25:38,200.0,52.4,B
2021-06-15T09:25:38,100.0,52.3,S
2021-06-15T09:25:38,200.0,52.3,S
2021-06-15T09:25:38,1400.0,52.3,S
2021-06-15T09:25:38,300.0,52.1,S
2021-06-15T09:25:38,1000.0,52.1,S
2021-06-15T09:25:37,200.0,52.0,S
2021-06-15T09:25:37,100.0,52.0,S
2021-06-15T09:25:34,500.0,52.0,S
2021-06-15T09:25:34,100.0,51.9,B
2021-06-15T09:25:29,1300.0,51.9,B
2021-06-15T09:25:28,400.0,52.0,B
2021-06-15T09:25:23,600.0,52.0,B
2021-06-15T09:25:21,100.0,52.0,B
2021-06-15T09:25:19,200.0,52.0,B
2021-06-15T09:25:18,100.0,52.0,B
2021-06-15T09:25:17,300.0,52.0,B
2021-06-15T09:25:17,4400.0,52.0,B
2021-06-15T09:25:16,1000.0,52.0,B
2021-06-15T09:25:15,1100.0,51.9,B
2021-06-15T09:25:09,1000.0,52.0,B
2021-06-15T09:25:08,300.0,52.0,B
2021-06-15T09:25:06,1000.0,52.0,B
2021-06-15T09:25:06,100.0,52.0,B
2021-06-15T09:25:03,6400.0,52.0,B
2021-06-15T09:25:03,400.0,52.0,B
2021-06-15T09:25:02,1000.0,52.0,B
2021-06-15T09:25:02,9000.0,52.0,B
2021-06-15T09:25:02,4100.0,52.0,B
2021-06-15T09:25:02,700.0,52.0,B
2021-06-15T09:25:02,8400.0,52.0,B
2021-06-15T09:25:02,1000.0,51.9,B
2021-06-15T09:24:58,1000.0,52.0,B
2021-06-15T09:24:58,500.0,52.0,B
2021-06-15T09:24:57,4000.0,51.9,B
2021-06-15T09:24:55,1000.0,51.9,B
2021-06-15T09:24:48,10000.0,52.0,B
2021-06-15T09:24:45,500.0,52.0,B
2021-06-15T09:24:45,100.0,52.0,B
2021-06-15T09:24:44,100.0,51.9,B
2021-06-15T09:24:43,100.0,51.9,B
2021-06-15T09:24:42,100.0,51.9,B
2021-06-15T09:24:42,500.0,51.9,B
2021-06-15T09:24:41,100.0,51.9,B
2021-06-15T09:24:40,700.0,51.8,S
2021-06-15T09:24:40,200.0,51.8,S
2021-06-15T09:24:40,100.0,51.9,B
2021-06-15T09:24:39,100.0,51.9,B
2021-06-15T09:24:35,500.0,51.8,S
2021-06-15T09:24:34,500.0,52.0,B
2021-06-15T09:24:30,300.0,52.0,B
2021-06-15T09:24:29,6300.0,51.8,S
2021-06-15T09:24:27,300.0,51.9,B
2021-06-15T09:24:26,1700.0,51.9,B
2021-06-15T09:24:26,100.0,51.9,B
2021-06-15T09:24:23,2500.0,51.8,S
2021-06-15T09:24:22,1000.0,52.0,B
2021-06-15T09:24:21,5000.0,52.0,B
2021-06-15T09:24:20,1000.0,51.8,S
2021-06-15T09:24:19,1300.0,51.8,S
2021-06-15T09:24:18,8700.0,51.8,S
2021-06-15T09:24:18,26200.0,52.0,B
2021-06-15T09:24:18,2100.0,52.0,B
2021-06-15T09:24:18,13700.0,52.0,B
2021-06-15T09:24:14,500.0,51.9,B
2021-06-15T09:24:10,2000.0,51.9,B
2021-06-15T09:24:10,6300.0,51.9,B
2021-06-15T09:24:08,1000.0,51.9,B
2021-06-15T09:24:07,5000.0,51.9,B
2021-06-15T09:24:05,100.0,51.9,S
2021-06-15T09:24:04,1000.0,51.9,S
2021-06-15T09:24:03,6000.0,51.9,S
2021-06-15T09:24:02,300.0,51.9,S
2021-06-15T09:24:02,1100.0,51.9,S
2021-06-15T09:24:01,1700.0,51.9,S
2021-06-15T09:24:00,100.0,51.9,S
2021-06-15T09:23:57,900.0,51.9,S
2021-06-15T09:23:56,1500.0,51.9,S
2021-06-15T09:23:55,200.0,51.9,S
2021-06-15T09:23:53,400.0,52.0,B
2021-06-15T09:23:53,100.0,52.0,B
2021-06-15T09:23:53,100.0,52.0,B
2021-06-15T09:23:52,300.0,51.9,S
2021-06-15T09:23:52,100.0,51.9,S
2021-06-15T09:23:52,5500.0,51.9,S
2021-06-15T09:23:52,100.0,51.9,S
2021-06-15T09:23:52,2200.0,51.9,S
2021-06-15T09:23:52,6200.0,51.9,S
2021-06-15T09:23:52,100.0,51.9,S
2021-06-15T09:23:52,18100.0,51.9,S
2021-06-15T09:23:51,100.0,52.0,B
2021-06-15T09:23:50,600.0,52.0,B
2021-06-15T09:23:47,200.0,52.0,B
2021-06-15T09:23:43,300.0,51.9,S
2021-06-15T09:23:43,500.0,52.0,B
2021-06-15T09:23:43,500.0,52.0,B
2021-06-15T09:23:42,100.0,52.0,B
2021-06-15T09:23:41,500.0,52.0,B
2021-06-15T09:23:40,1000.0,52.0,B
2021-06-15T09:23:40,300.0,51.9,S
2021-06-15T09:23:38,3900.0,52.0,B
2021-06-15T09:23:37,1000.0,52.0,B
2021-06-15T09:23:37,100.0,52.0,B
2021-06-15T09:23:35,1800.0,52.0,B
2021-06-15T09:23:33,200.0,52.0,B
2021-06-15T09:23:33,200.0,52.0,B
2021-06-15T09:23:32,1000.0,52.0,B
2021-06-15T09:23:30,1500.0,52.0,B
2021-06-15T09:23:29,1000.0,52.0,B
2021-06-15T09:23:29,100.0,52.0,B
2021-06-15T09:23:28,1100.0,52.0,B
2021-06-15T09:23:23,100.0,52.0,B
2021-06-15T09:23:22,1000.0,52.0,B
2021-06-15T09:23:21,100.0,52.0,B
2021-06-15T09:23:19,100.0,52.0,B
2021-06-15T09:23:19,500.0,51.9,S
2021-06-15T09:23:17,10000.0,52.0,B
2021-06-15T09:23:17,100.0,52.0,B
2021-06-15T09:23:16,1000.0,52.0,B
2021-06-15T09:23:16,3200.0,52.0,B
2021-06-15T09:23:16,100.0,52.0,B
2021-06-15T09:23:16,100.0,52.0,B
2021-06-15T09:23:12,200.0,52.0,B
2021-06-15T09:23:11,100.0,52.0,B
2021-06-15T09:23:11,200.0,52.0,B
2021-06-15T09:23:10,500.0,52.0,B
2021-06-15T09:23:10,200.0,52.0,B
2021-06-15T09:23:08,2000.0,52.0,B
2021-06-15T09:23:06,400.0,52.0,B
2021-06-15T09:23:06,10000.0,52.0,B
2021-06-15T09:23:06,300.0,52.0,S
2021-06-15T09:23:04,100.0,52.0,S
2021-06-15T09:23:03,400.0,52.0,S
2021-06-15T09:23:02,200.0,52.0,S
2021-06-15T09:23:00,1000.0,52.0,S
2021-06-15T09:23:00,100.0,52.0,S
2021-06-15T09:22:59,1000.0,52.0,S
2021-06-15T09:22:59,500.0,52.0,S
2021-06-15T09:22:58,100.0,52.0,S
2021-06-15T09:22:58,100.0,52.0,S
2021-06-15T09:22:57,500.0,52.0,S
2021-06-15T09:22:55,400.0,52.0,S
2021-06-15T09:22:55,200.0,52.0,S
2021-06-15T09:22:55,1200.0,52.0,S
2021-06-15T09:22:55,2700.0,52.0,S
2021-06-15T09:22:55,1400.0,52.0,S
2021-06-15T09:22:55,200.0,52.0,S
2021-06-15T09:22:55,3100.0,52.0,S
2021-06-15T09:22:55,4400.0,52.0,S
2021-06-15T09:22:55,1100.0,52.0,S
2021-06-15T09:22:55,3600.0,52.0,S
2021-06-15T09:22:55,1400.0,52.0,S
2021-06-15T09:22:55,2100.0,52.0,S
2021-06-15T09:22:55,2600.0,52.0,S
2021-06-15T09:22:55,7400.0,52.0,S
2021-06-15T09:22:55,6500.0,52.0,S
2021-06-15T09:22:55,19900.0,52.0,S
2021-06-15T09:22:55,3800.0,52.0,S
2021-06-15T09:22:55,3500.0,52.0,S
2021-06-15T09:22:55,1200.0,52.0,S
2021-06-15T09:22:55,100.0,52.0,S
2021-06-15T09:22:55,1200.0,52.0,S
2021-06-15T09:22:55,5300.0,52.0,S
2021-06-15T09:22:55,2300.0,52.0,S
2021-06-15T09:22:54,1600.0,52.0,S
2021-06-15T09:22:54,9900.0,52.0,S
2021-06-15T09:22:48,5000.0,52.4,B
2021-06-15T09:22:48,10000.0,52.0,S
2021-06-15T09:22:45,1000.0,52.1,S
2021-06-15T09:22:37,1100.0,52.1,S
2021-06-15T09:22:36,1000.0,52.1,S
2021-06-15T09:22:36,15000.0,52.1,S
2021-06-15T09:22:33,3000.0,52.1,S
2021-06-15T09:22:32,200.0,52.1,S
2021-06-15T09:22:32,1000.0,52.1,S
2021-06-15T09:22:29,200.0,52.1,S
2021-06-15T09:22:29,200.0,52.1,S
2021-06-15T09:22:27,100.0,52.1,S
2021-06-15T09:22:27,200.0,52.1,S
2021-06-15T09:22:26,500.0,52.1,S
2021-06-15T09:22:24,1000.0,52.1,S
2021-06-15T09:22:24,13700.0,52.1,S
2021-06-15T09:22:24,500.0,52.1,S
2021-06-15T09:22:24,1400.0,52.1,S
2021-06-15T09:22:24,9200.0,52.1,S
2021-06-15T09:22:20,400.0,52.4,B
2021-06-15T09:22:19,500.0,52.4,B
2021-06-15T09:22:16,500.0,52.4,B
2021-06-15T09:22:15,500.0,52.4,B
2021-06-15T09:22:13,1000.0,52.4,B
2021-06-15T09:22:11,100.0,52.4,B
2021-06-15T09:22:06,10300.0,52.4,B
2021-06-15T09:22:04,1000.0,52.4,B
2021-06-15T09:22:03,3200.0,52.4,B
2021-06-15T09:22:01,100.0,52.4,B
2021-06-15T09:22:01,5100.0,52.4,B
2021-06-15T09:22:00,200.0,52.4,B
2021-06-15T09:21:59,200.0,52.4,B
2021-06-15T09:21:59,100.0,52.4,B
2021-06-15T09:21:59,5800.0,52.4,B
2021-06-15T09:21:56,2000.0,52.4,B
2021-06-15T09:21:54,500.0,52.4,B
2021-06-15T09:21:54,200.0,52.3,S
2021-06-15T09:21:42,400.0,52.4,B
2021-06-15T09:21:41,1000.0,52.1,S
2021-06-15T09:21:41,200.0,52.4,B
2021-06-15T09:21:40,1000.0,52.1,S
2021-06-15T09:21:37,1100.0,52.4,B
2021-06-15T09:21:36,1000.0,52.4,B
2021-06-15T09:21:32,100.0,52.4,B
2021-06-15T09:21:28,400.0,52.4,B
2021-06-15T09:21:28,1000.0,52.4,B
2021-06-15T09:21:24,100.0,52.1,S
2021-06-15T09:21:23,1100.0,52.4,B
2021-06-15T09:21:19,100.0,52.4,B
2021-06-15T09:21:17,6000.0,52.4,B
2021-06-15T09:21:16,200.0,52.4,B
2021-06-15T09:21:13,1000.0,52.4,B
2021-06-15T09:21:13,4000.0,52.4,B
2021-06-15T09:21:12,1800.0,52.4,B
2021-06-15T09:21:11,6800.0,52.4,B
2021-06-15T09:21:11,300.0,52.4,B
2021-06-15T09:21:11,3000.0,52.4,B
2021-06-15T09:21:11,100.0,52.4,B
2021-06-15T09:21:11,2000.0,52.4,B
2021-06-15T09:21:10,100.0,52.4,B
2021-06-15T09:21:08,300.0,52.4,B
2021-06-15T09:21:07,2000.0,52.4,B
2021-06-15T09:21:05,300.0,52.1,S
2021-06-15T09:21:03,300.0,52.4,B
2021-06-15T09:21:03,300.0,52.4,B
2021-06-15T09:21:01,100.0,52.4,B
2021-06-15T09:20:54,1000.0,52.4,B
2021-06-15T09:20:53,100.0,52.1,S
2021-06-15T09:20:52,700.0,52.0,S
2021-06-15T09:20:52,2800.0,52.1,S
2021-06-15T09:20:52,1000.0,52.4,B
2021-06-15T09:20:52,400.0,52.4,B
2021-06-15T09:20:48,200.0,52.4,B
2021-06-15T09:20:41,500.0,52.4,B
2021-06-15T09:20:40,200.0,52.4,B
2021-06-15T09:20:39,100.0,52.4,B
2021-06-15T09:20:38,100.0,52.4,B
2021-06-15T09:20:37,1000.0,52.4,B
2021-06-15T09:20:36,100.0,52.4,B
2021-06-15T09:20:35,100.0,52.4,B
2021-06-15T09:20:34,2000.0,52.4,B
2021-06-15T09:20:33,1000.0,52.1,S
2021-06-15T09:20:28,100.0,52.4,B
2021-06-15T09:20:24,3200.0,52.4,B
2021-06-15T09:20:21,500.0,52.1,S
2021-06-15T09:20:13,500.0,52.4,B
2021-06-15T09:20:13,500.0,52.4,B
2021-06-15T09:20:12,100.0,52.0,S
2021-06-15T09:20:12,100.0,52.0,S
2021-06-15T09:20:10,100.0,52.0,S
2021-06-15T09:20:09,5000.0,52.0,S
2021-06-15T09:20:09,100.0,52.2,S
2021-06-15T09:20:06,100.0,52.4,B
2021-06-15T09:20:05,700.0,52.1,S
2021-06-15T09:20:02,500.0,52.0,S
2021-06-15T09:19:58,24000.0,52.0,S
2021-06-15T09:19:57,100.0,52.0,S
2021-06-15T09:19:54,1200.0,52.0,S
2021-06-15T09:19:52,9400.0,52.5,B
2021-06-15T09:19:52,600.0,52.2,B
2021-06-15T09:19:50,500.0,52.0,S
2021-06-15T09:19:49,200.0,52.1,B
2021-06-15T09:19:46,600.0,52.0,S
2021-06-15T09:19:45,100.0,52.0,S
2021-06-15T09:19:43,100.0,52.0,S
2021-06-15T09:19:43,2000.0,52.0,S
2021-06-15T09:19:41,1000.0,52.0,S
2021-06-15T09:19:41,1000.0,52.0,S
2021-06-15T09:19:39,2000.0,52.0,S
2021-06-15T09:19:38,100.0,52.0,S
2021-06-15T09:19:37,100.0,52.0,S
2021-06-15T09:19:36,5000.0,52.0,S
2021-06-15T09:19:34,2000.0,52.0,S
2021-06-15T09:19:33,2200.0,52.0,S
2021-06-15T09:19:32,4000.0,52.0,S
2021-06-15T09:19:25,500.0,52.0,B
2021-06-15T09:19:25,200.0,52.0,B
2021-06-15T09:19:25,1000.0,52.0,B
2021-06-15T09:19:25,8000.0,52.0,B
2021-06-15T09:19:25,10800.0,52.0,B
2021-06-15T09:19:23,1500.0,52.0,B
2021-06-15T09:19:23,100.0,52.0,B
2021-06-15T09:19:23,1900.0,52.0,B
2021-06-15T09:19:22,1700.0,52.0,B
2021-06-15T09:19:20,200.0,52.0,B
2021-06-15T09:19:18,700.0,51.9,B
2021-06-15T09:19:17,200.0,51.9,B
2021-06-15T09:19:13,1300.0,52.0,B
2021-06-15T09:19:10,800.0,52.0,B
2021-06-15T09:19:09,500.0,52.0,B
2021-06-15T09:19:09,1300.0,52.0,B
2021-06-15T09:19:09,2200.0,52.0,B
2021-06-15T09:19:06,200.0,52.0,B
2021-06-15T09:19:05,500.0,51.8,B
2021-06-15T09:19:05,500.0,52.0,B
2021-06-15T09:19:05,3500.0,52.0,B
2021-06-15T09:19:05,2100.0,52.0,B
2021-06-15T09:19:05,4400.0,52.0,B
2021-06-15T09:19:04,1000.0,52.0,B
2021-06-15T09:19:02,100.0,51.8,B
2021-06-15T09:19:00,1000.0,52.0,B
2021-06-15T09:18:58,100.0,52.0,B
2021-06-15T09:18:58,200.0,51.8,B
2021-06-15T09:18:57,2000.0,51.8,B
2021-06-15T09:18:56,1000.0,51.8,B
2021-06-15T09:18:55,100.0,51.8,B
2021-06-15T09:18:55,200.0,52.0,B
2021-06-15T09:18:54,200.0,51.8,B
2021-06-15T09:18:52,2000.0,51.8,B
2021-06-15T09:18:51,2700.0,51.8,B
2021-06-15T09:18:47,500.0,51.8,B
2021-06-15T09:18:47,100.0,51.7,S
2021-06-15T09:18:47,1000.0,51.8,B
2021-06-15T09:18:46,1000.0,51.8,B
2021-06-15T09:18:46,500.0,51.8,B
2021-06-15T09:18:45,400.0,51.8,B
2021-06-15T09:18:45,1700.0,51.8,B
2021-06-15T09:18:42,200.0,51.7,S
2021-06-15T09:18:42,1100.0,51.8,B
2021-06-15T09:18:41,400.0,51.8,B
2021-06-15T09:18:39,100.0,51.8,B
2021-06-15T09:18:37,1000.0,51.8,B
2021-06-15T09:18:36,1900.0,51.8,B
2021-06-15T09:18:34,200.0,51.8,B
2021-06-15T09:18:32,1100.0,51.8,B
2021-06-15T09:18:31,3600.0,51.6,S
2021-06-15T09:18:31,5200.0,51.7,S
2021-06-15T09:18:31,6500.0,51.7,S
2021-06-15T09:18:31,4700.0,51.7,S
2021-06-15T09:18:30,200.0,51.7,S
2021-06-15T09:18:28,200.0,51.8,B
2021-06-15T09:18:24,600.0,51.7,S
2021-06-15T09:18:24,200.0,51.8,B
2021-06-15T09:18:23,100.0,51.8,B
2021-06-15T09:18:23,2100.0,51.8,B
2021-06-15T09:18:22,1000.0,51.7,S
2021-06-15T09:18:22,100.0,51.8,B
2021-06-15T09:18:20,3000.0,51.7,S
2021-06-15T09:18:13,100.0,51.7,S
2021-06-15T09:18:09,2400.0,51.7,S
2021-06-15T09:18:08,100.0,51.8,B
2021-06-15T09:18:03,3000.0,51.8,B
2021-06-15T09:18:02,100.0,51.7,S
2021-06-15T09:18:01,1000.0,51.6,S
2021-06-15T09:17:57,1000.0,51.6,S
2021-06-15T09:17:52,3000.0,51.8,B
2021-06-15T09:17:50,500.0,51.7,S
2021-06-15T09:17:49,100.0,51.7,S
2021-06-15T09:17:46,200.0,51.7,S
2021-06-15T09:17:45,1000.0,51.6,S
2021-06-15T09:17:45,10800.0,51.6,S
2021-06-15T09:17:44,1000.0,51.6,S
2021-06-15T09:17:44,2000.0,51.6,S
2021-06-15T09:17:43,1000.0,51.7,S
2021-06-15T09:17:43,300.0,51.6,S
2021-06-15T09:17:42,800.0,51.7,S
2021-06-15T09:17:40,200.0,51.6,S
2021-06-15T09:17:38,200.0,51.7,S
2021-06-15T09:17:38,200.0,51.7,S
2021-06-15T09:17:38,300.0,51.7,S
2021-06-15T09:17:35,1000.0,51.7,S
2021-06-15T09:17:35,2300.0,51.7,S
2021-06-15T09:17:34,200.0,51.7,S
2021-06-15T09:17:34,100.0,51.6,S
2021-06-15T09:17:31,1000.0,51.6,S
2021-06-15T09:17:31,100.0,51.6,S
2021-06-15T09:17:30,600.0,51.6,S
2021-06-15T09:17:28,900.0,51.6,S
2021-06-15T09:17:27,1000.0,51.6,S
2021-06-15T09:17:24,200.0,51.7,B
2021-06-15T09:17:24,800.0,51.8,B
2021-06-15T09:17:23,1600.0,51.7,B
2021-06-15T09:17:23,1000.0,51.7,B
2021-06-15T09:17:22,200.0,51.6,S
2021-06-15T09:17:22,1000.0,51.6,S
2021-06-15T09:17:21,700.0,51.6,S
2021-06-15T09:17:20,2000.0,51.6,S
2021-06-15T09:17:19,1000.0,51.6,S
2021-06-15T09:17:18,6500.0,51.6,S
2021-06-15T09:16:37,100.0,51.6,B
2021-06-15T09:16:36,1000.0,51.6,B
2021-06-15T09:16:35,200.0,51.6,B
2021-06-15T09:16:34,5000.0,51.6,B
2021-06-15T09:16:34,200.0,51.6,B
2021-06-15T09:16:32,1500.0,51.6,B
2021-06-15T09:16:31,500.0,51.6,B
2021-06-15T09:16:31,400.0,51.5,S
2021-06-15T09:16:29,3000.0,51.5,S
2021-06-15T09:16:27,1000.0,51.6,B
2021-06-15T09:16:25,2300.0,51.5,S
2021-06-15T09:16:23,1000.0,51.6,B
2021-06-15T09:16:22,500.0,51.6,B
2021-06-15T09:16:22,100.0,51.6,B
2021-06-15T09:16:19,1000.0,51.6,B
2021-06-15T09:16:19,300.0,51.6,B
2021-06-15T09:16:19,500.0,51.6,B
2021-06-15T09:16:18,10000.0,51.6,S
2021-06-15T09:16:17,1000.0,51.6,S
2021-06-15T09:16:15,100.0,51.6,S
2021-06-15T09:16:13,300.0,51.6,S
2021-06-15T09:16:12,100.0,51.6,S
2021-06-15T09:16:12,400.0,51.6,S
2021-06-15T09:16:12,8500.0,51.6,S
2021-06-15T09:16:12,1000.0,51.7,S
2021-06-15T09:16:09,1000.0,51.6,S
2021-06-15T09:16:03,500.0,51.6,S
2021-06-15T09:16:01,700.0,51.6,S
2021-06-15T09:16:01,100.0,51.8,B
2021-06-15T09:16:00,1000.0,51.6,S
2021-06-15T09:15:59,100.0,51.8,B
2021-06-15T09:15:57,4400.0,51.6,S
2021-06-15T09:15:55,500.0,51.8,B
2021-06-15T09:15:51,500.0,51.6,S
2021-06-15T09:15:50,200.0,51.6,S
2021-06-15T09:15:45,6500.0,51.6,S
2021-06-15T09:15:45,400.0,51.8,S
2021-06-15T09:15:45,1500.0,51.7,S
2021-06-15T09:15:40,200.0,51.8,S
2021-06-15T09:15:36,100.0,51.8,S
2021-06-15T09:15:35,3000.0,51.8,S
2021-06-15T09:15:35,1400.0,51.8,S
2021-06-15T09:15:35,500.0,52.0,S
