tradingTime,volume,price,side
2021-06-23T14:22:20,500.0,21.7,B
2021-06-23T14:22:05,5000.0,21.65,S
2021-06-23T14:21:53,10000.0,21.65,S
2021-06-23T14:21:29,1500.0,21.65,S
2021-06-23T14:20:56,100.0,21.65,S
2021-06-23T14:19:45,500.0,21.7,B
2021-06-23T14:19:43,4000.0,21.7,B
2021-06-23T14:19:42,1000.0,21.7,B
2021-06-23T14:19:31,2100.0,21.65,S
2021-06-23T14:19:20,500.0,21.7,B
2021-06-23T14:19:03,500.0,21.7,B
2021-06-23T14:18:30,5500.0,21.65,B
2021-06-23T14:18:23,200.0,21.65,B
2021-06-23T14:18:03,100.0,21.65,B
2021-06-23T14:17:11,1000.0,21.65,S
2021-06-23T14:16:59,1900.0,21.65,S
2021-06-23T14:16:28,2000.0,21.65,S
2021-06-23T14:15:58,1000.0,21.7,B
2021-06-23T14:15:49,4600.0,21.65,S
2021-06-23T14:15:19,100.0,21.7,B
2021-06-23T14:15:14,1000.0,21.7,B
2021-06-23T14:15:06,500.0,21.7,B
2021-06-23T14:15:04,1000.0,21.7,B
2021-06-23T14:14:39,100.0,21.7,B
2021-06-23T14:14:02,100.0,21.7,B
2021-06-23T14:13:57,100.0,21.7,B
2021-06-23T14:13:53,500.0,21.7,B
2021-06-23T14:13:00,200.0,21.7,B
2021-06-23T14:12:29,500.0,21.7,B
2021-06-23T14:11:46,1000.0,21.7,B
2021-06-23T14:10:55,3000.0,21.7,B
2021-06-23T14:10:26,300.0,21.7,B
2021-06-23T14:10:07,300.0,21.7,B
2021-06-23T14:09:48,200.0,21.7,B
2021-06-23T14:09:42,100.0,21.6,S
2021-06-23T14:09:42,1100.0,21.6,S
2021-06-23T14:09:42,2200.0,21.6,S
2021-06-23T14:09:42,1200.0,21.6,S
2021-06-23T14:09:42,600.0,21.6,S
2021-06-23T14:09:42,2500.0,21.6,S
2021-06-23T14:09:42,200.0,21.6,S
2021-06-23T14:09:42,8800.0,21.6,S
2021-06-23T14:09:42,600.0,21.65,S
2021-06-23T14:09:42,2700.0,21.65,S
2021-06-23T14:09:36,3200.0,21.7,B
2021-06-23T14:09:13,600.0,21.7,B
2021-06-23T14:08:48,700.0,21.7,B
2021-06-23T14:08:40,3400.0,21.7,B
2021-06-23T14:08:35,300.0,21.65,S
2021-06-23T14:08:35,300.0,21.65,S
2021-06-23T14:08:35,400.0,21.65,S
2021-06-23T14:08:31,200.0,21.7,B
2021-06-23T14:08:02,500.0,21.7,B
2021-06-23T14:06:43,800.0,21.7,B
2021-06-23T14:06:15,400.0,21.65,S
2021-06-23T14:05:03,200.0,21.65,B
2021-06-23T14:05:01,1500.0,21.65,B
2021-06-23T14:04:25,600.0,21.65,B
2021-06-23T14:04:24,3200.0,21.65,B
2021-06-23T14:04:00,200.0,21.65,B
2021-06-23T14:03:24,1500.0,21.65,S
2021-06-23T14:03:21,1500.0,21.65,S
2021-06-23T14:03:18,2000.0,21.65,B
2021-06-23T14:03:15,7700.0,21.65,B
2021-06-23T14:02:59,2000.0,21.65,B
2021-06-23T14:02:51,100.0,21.65,B
2021-06-23T14:02:50,100.0,21.65,B
2021-06-23T14:02:46,200.0,21.65,B
2021-06-23T14:02:27,100.0,21.65,B
2021-06-23T14:02:27,3800.0,21.65,B
2021-06-23T14:02:13,500.0,21.65,B
2021-06-23T14:02:05,1000.0,21.65,B
2021-06-23T14:02:00,3700.0,21.65,B
2021-06-23T14:02:00,900.0,21.6,S
2021-06-23T14:01:51,5800.0,21.65,S
2021-06-23T14:01:44,5000.0,21.65,S
2021-06-23T14:01:14,1000.0,21.65,S
2021-06-23T13:59:42,1000.0,21.7,B
2021-06-23T13:59:18,100.0,21.7,B
2021-06-23T13:59:08,4100.0,21.7,S
2021-06-23T13:59:06,2700.0,21.7,S
2021-06-23T13:59:06,2300.0,21.7,S
2021-06-23T13:59:05,1000.0,21.75,B
2021-06-23T13:59:00,600.0,21.7,S
2021-06-23T13:58:48,7600.0,21.7,S
2021-06-23T13:58:47,2400.0,21.7,S
2021-06-23T13:58:47,10000.0,21.7,S
2021-06-23T13:58:12,700.0,21.75,B
2021-06-23T13:57:33,400.0,21.75,S
2021-06-23T13:57:32,100.0,21.75,S
2021-06-23T13:57:25,500.0,21.75,S
2021-06-23T13:57:17,5000.0,21.75,S
2021-06-23T13:56:51,5000.0,21.75,S
2021-06-23T13:56:25,16000.0,21.75,S
2021-06-23T13:56:24,1500.0,21.75,S
2021-06-23T13:56:24,400.0,21.75,S
2021-06-23T13:56:23,100.0,21.75,S
2021-06-23T13:55:59,200.0,21.75,S
2021-06-23T13:55:59,400.0,21.75,S
2021-06-23T13:55:59,1400.0,21.75,S
2021-06-23T13:54:44,200.0,21.75,S
2021-06-23T13:54:40,1000.0,21.75,S
2021-06-23T13:53:41,200.0,21.75,S
2021-06-23T13:52:53,200.0,21.75,S
2021-06-23T13:52:03,100.0,21.8,B
2021-06-23T13:51:28,1000.0,21.8,B
2021-06-23T13:50:47,500.0,21.8,B
2021-06-23T13:50:46,100.0,21.8,B
2021-06-23T13:49:10,500.0,21.8,B
2021-06-23T13:48:34,500.0,21.8,B
2021-06-23T13:48:26,500.0,21.8,B
2021-06-23T13:48:07,400.0,21.8,B
2021-06-23T13:48:07,100.0,21.8,B
2021-06-23T13:46:54,500.0,21.75,S
2021-06-23T13:44:59,500.0,21.8,B
2021-06-23T13:44:43,200.0,21.75,B
2021-06-23T13:44:19,1500.0,21.75,B
2021-06-23T13:44:10,500.0,21.75,B
2021-06-23T13:44:04,1000.0,21.75,B
2021-06-23T13:43:55,1000.0,21.75,B
2021-06-23T13:43:05,1000.0,21.75,B
2021-06-23T13:42:29,1000.0,21.75,B
2021-06-23T13:42:19,800.0,21.75,S
2021-06-23T13:41:44,900.0,21.75,S
2021-06-23T13:41:44,4100.0,21.75,S
2021-06-23T13:41:40,1000.0,21.75,S
2021-06-23T13:40:58,2000.0,21.75,S
2021-06-23T13:40:00,300.0,21.75,B
2021-06-23T13:39:56,200.0,21.75,B
2021-06-23T13:39:52,1000.0,21.75,B
2021-06-23T13:39:46,1000.0,21.75,B
2021-06-23T13:39:45,100.0,21.75,B
2021-06-23T13:39:16,2000.0,21.75,B
2021-06-23T13:39:16,100.0,21.75,B
2021-06-23T13:38:55,1000.0,21.75,B
2021-06-23T13:38:35,200.0,21.75,B
2021-06-23T13:38:25,500.0,21.75,B
2021-06-23T13:38:12,100.0,21.75,B
2021-06-23T13:37:51,5000.0,21.75,B
2021-06-23T13:37:40,400.0,21.75,B
2021-06-23T13:37:20,1000.0,21.75,B
2021-06-23T13:37:03,1000.0,21.75,B
2021-06-23T13:36:46,500.0,21.75,B
2021-06-23T13:36:46,200.0,21.75,B
2021-06-23T13:36:42,4500.0,21.75,B
2021-06-23T13:36:02,2000.0,21.75,B
2021-06-23T13:35:48,500.0,21.75,B
2021-06-23T13:35:17,500.0,21.75,B
2021-06-23T13:34:59,600.0,21.7,B
2021-06-23T13:34:58,3200.0,21.7,B
2021-06-23T13:34:47,5000.0,21.7,B
2021-06-23T13:34:47,2300.0,21.7,B
2021-06-23T13:34:47,700.0,21.7,B
2021-06-23T13:34:43,200.0,21.7,B
2021-06-23T13:33:19,3000.0,21.7,B
2021-06-23T13:33:12,4500.0,21.65,S
2021-06-23T13:31:46,100.0,21.65,S
2021-06-23T13:31:14,300.0,21.65,B
2021-06-23T13:30:44,200.0,21.65,B
2021-06-23T13:30:29,300.0,21.6,S
2021-06-23T13:30:13,100.0,21.6,S
2021-06-23T13:29:43,100.0,21.6,S
2021-06-23T13:29:42,900.0,21.65,S
2021-06-23T13:29:35,100.0,21.65,S
2021-06-23T13:29:11,200.0,21.6,S
2021-06-23T13:28:10,5600.0,21.6,S
2021-06-23T13:28:08,200.0,21.65,B
2021-06-23T13:27:36,700.0,21.6,B
2021-06-23T13:27:29,1600.0,21.6,B
2021-06-23T13:27:29,1600.0,21.6,B
2021-06-23T13:27:13,300.0,21.6,B
2021-06-23T13:27:10,1000.0,21.6,B
2021-06-23T13:27:00,200.0,21.6,B
2021-06-23T13:27:00,500.0,21.6,B
2021-06-23T13:26:58,3000.0,21.6,B
2021-06-23T13:26:47,100.0,21.6,B
2021-06-23T13:26:47,2400.0,21.6,B
2021-06-23T13:26:35,1500.0,21.6,B
2021-06-23T13:26:09,400.0,21.6,B
2021-06-23T13:26:04,500.0,21.6,B
2021-06-23T13:26:01,500.0,21.6,B
2021-06-23T13:25:59,500.0,21.6,B
2021-06-23T13:25:59,100.0,21.6,B
2021-06-23T13:25:39,200.0,21.6,B
2021-06-23T13:25:22,400.0,21.6,S
2021-06-23T13:25:20,600.0,21.6,S
2021-06-23T13:25:16,1000.0,21.6,S
2021-06-23T13:25:14,100.0,21.6,S
2021-06-23T13:25:00,1500.0,21.6,B
2021-06-23T13:24:58,100.0,21.6,B
2021-06-23T13:24:36,100.0,21.6,S
2021-06-23T13:24:28,4300.0,21.6,S
2021-06-23T13:24:11,700.0,21.6,S
2021-06-23T13:24:11,200.0,21.6,S
2021-06-23T13:24:11,1600.0,21.6,S
2021-06-23T13:24:11,300.0,21.6,S
2021-06-23T13:24:11,1300.0,21.6,S
2021-06-23T13:23:45,20000.0,21.6,S
2021-06-23T13:23:35,1000.0,21.6,S
2021-06-23T13:23:24,900.0,21.6,S
2021-06-23T13:23:20,800.0,21.65,B
2021-06-23T13:23:20,1200.0,21.65,B
2021-06-23T13:22:43,2400.0,21.6,S
2021-06-23T13:22:42,2400.0,21.6,S
2021-06-23T13:22:36,100.0,21.6,S
2021-06-23T13:22:26,200.0,21.6,S
2021-06-23T13:22:26,600.0,21.6,S
2021-06-23T13:22:23,15000.0,21.6,S
2021-06-23T13:21:47,500.0,21.6,S
2021-06-23T13:21:30,1000.0,21.6,S
2021-06-23T13:21:24,5000.0,21.65,B
2021-06-23T13:21:09,100.0,21.6,S
2021-06-23T13:19:37,3100.0,21.65,S
2021-06-23T13:19:37,200.0,21.65,S
2021-06-23T13:19:36,600.0,21.65,S
2021-06-23T13:19:22,5000.0,21.65,S
2021-06-23T13:19:20,1000.0,21.65,S
2021-06-23T13:18:53,1000.0,21.65,S
2021-06-23T13:18:20,3900.0,21.65,S
2021-06-23T13:18:20,1100.0,21.65,S
2021-06-23T13:16:44,3400.0,21.65,S
2021-06-23T13:15:33,1900.0,21.7,B
2021-06-23T13:15:04,100.0,21.7,B
2021-06-23T13:14:44,1000.0,21.7,B
2021-06-23T13:14:05,200.0,21.7,B
2021-06-23T13:13:57,300.0,21.7,S
2021-06-23T13:13:57,700.0,21.7,S
2021-06-23T13:13:51,2100.0,21.7,S
2021-06-23T13:13:28,500.0,21.75,B
2021-06-23T13:13:24,5000.0,21.7,S
2021-06-23T13:13:18,4400.0,21.7,S
2021-06-23T13:13:12,5000.0,21.7,S
2021-06-23T13:12:58,15000.0,21.7,S
2021-06-23T13:12:11,1000.0,21.7,S
2021-06-23T13:12:01,500.0,21.75,B
2021-06-23T13:11:58,500.0,21.75,B
2021-06-23T13:11:40,500.0,21.75,B
2021-06-23T13:11:36,500.0,21.75,B
2021-06-23T13:11:35,1000.0,21.75,B
2021-06-23T13:11:30,1700.0,21.7,S
2021-06-23T13:11:30,8300.0,21.7,S
2021-06-23T13:11:28,500.0,21.75,B
2021-06-23T13:11:10,1000.0,21.75,B
2021-06-23T13:11:01,100.0,21.75,B
2021-06-23T13:10:55,100.0,21.75,B
2021-06-23T13:10:30,500.0,21.75,B
2021-06-23T13:10:10,5000.0,21.7,S
2021-06-23T13:08:57,4000.0,21.75,B
2021-06-23T13:08:43,100.0,21.7,S
2021-06-23T13:08:34,1000.0,21.7,S
2021-06-23T13:07:47,2000.0,21.75,B
2021-06-23T13:07:45,100.0,21.7,S
2021-06-23T13:07:35,500.0,21.75,B
2021-06-23T13:07:24,1000.0,21.7,S
2021-06-23T13:06:36,100.0,21.75,B
2021-06-23T13:06:21,400.0,21.7,S
2021-06-23T13:05:41,1400.0,21.7,S
2021-06-23T13:05:28,500.0,21.7,S
2021-06-23T13:05:23,1200.0,21.75,B
2021-06-23T13:03:43,1000.0,21.7,S
2021-06-23T13:03:39,100.0,21.7,S
2021-06-23T13:03:09,300.0,21.7,B
2021-06-23T13:03:08,700.0,21.7,B
2021-06-23T13:03:04,100.0,21.7,B
2021-06-23T13:03:01,100.0,21.7,B
2021-06-23T13:02:49,1000.0,21.7,B
2021-06-23T13:02:41,1200.0,21.7,B
2021-06-23T13:02:06,10000.0,21.7,B
2021-06-23T13:01:13,100.0,21.7,B
2021-06-23T13:01:13,100.0,21.7,B
2021-06-23T13:01:13,200.0,21.7,B
2021-06-23T13:00:52,5000.0,21.65,S
2021-06-23T13:00:26,100.0,21.7,B
2021-06-23T13:00:24,500.0,21.7,B
2021-06-23T13:00:24,20000.0,21.7,B
2021-06-23T13:00:23,500.0,21.7,B
2021-06-23T13:00:20,5000.0,21.65,S
2021-06-23T13:00:17,1000.0,21.65,S
2021-06-23T13:00:17,300.0,21.7,B
2021-06-23T13:00:10,300.0,21.7,B
2021-06-23T13:00:10,100.0,21.7,B
2021-06-23T13:00:10,4400.0,21.7,B
2021-06-23T13:00:07,100.0,21.7,B
2021-06-23T13:00:07,200.0,21.7,B
2021-06-23T13:00:07,3000.0,21.65,S
2021-06-23T13:00:06,5900.0,21.7,B
2021-06-23T11:29:44,7000.0,21.7,B
2021-06-23T11:29:05,500.0,21.65,S
2021-06-23T11:28:49,2000.0,21.65,S
2021-06-23T11:28:40,1500.0,21.65,S
2021-06-23T11:28:32,200.0,21.65,B
2021-06-23T11:28:27,1000.0,21.65,B
2021-06-23T11:28:20,1000.0,21.65,B
2021-06-23T11:28:09,500.0,21.65,B
2021-06-23T11:28:08,200.0,21.65,B
2021-06-23T11:27:57,100.0,21.65,B
2021-06-23T11:27:57,500.0,21.65,B
2021-06-23T11:27:50,200.0,21.65,B
2021-06-23T11:27:46,1000.0,21.65,B
2021-06-23T11:26:33,1500.0,21.65,B
2021-06-23T11:26:33,4100.0,21.65,B
2021-06-23T11:26:33,1300.0,21.65,B
2021-06-23T11:26:33,100.0,21.65,B
2021-06-23T11:26:33,11000.0,21.65,B
2021-06-23T11:26:30,500.0,21.65,B
2021-06-23T11:26:23,500.0,21.6,S
2021-06-23T11:26:18,2000.0,21.6,S
2021-06-23T11:25:51,100.0,21.65,B
2021-06-23T11:25:45,500.0,21.6,S
2021-06-23T11:25:33,1000.0,21.65,B
2021-06-23T11:25:17,2400.0,21.65,B
2021-06-23T11:25:08,1000.0,21.6,B
2021-06-23T11:24:54,100.0,21.65,B
2021-06-23T11:24:28,100.0,21.65,B
2021-06-23T11:24:07,900.0,21.6,B
2021-06-23T11:24:06,1000.0,21.6,B
2021-06-23T11:24:03,5800.0,21.6,B
2021-06-23T11:23:55,600.0,21.6,B
2021-06-23T11:23:36,500.0,21.6,B
2021-06-23T11:23:29,600.0,21.6,B
2021-06-23T11:23:29,1500.0,21.6,B
2021-06-23T11:23:29,7700.0,21.6,B
2021-06-23T11:23:27,500.0,21.55,B
2021-06-23T11:22:40,10000.0,21.6,B
2021-06-23T11:22:37,3000.0,21.55,B
2021-06-23T11:21:50,100.0,21.55,B
2021-06-23T11:21:27,700.0,21.55,B
2021-06-23T11:21:20,100.0,21.55,B
2021-06-23T11:21:16,500.0,21.55,B
2021-06-23T11:21:13,6000.0,21.55,B
2021-06-23T11:20:58,700.0,21.55,B
2021-06-23T11:20:51,100.0,21.55,B
2021-06-23T11:20:50,5000.0,21.5,S
2021-06-23T11:20:39,300.0,21.5,S
2021-06-23T11:20:39,1300.0,21.5,S
2021-06-23T11:20:39,900.0,21.5,S
2021-06-23T11:20:39,4600.0,21.5,S
2021-06-23T11:20:39,12900.0,21.5,S
2021-06-23T11:20:23,100.0,21.55,B
2021-06-23T11:20:15,100.0,21.55,B
2021-06-23T11:20:13,2000.0,21.55,B
2021-06-23T11:19:59,1200.0,21.5,S
2021-06-23T11:19:51,1000.0,21.55,B
2021-06-23T11:19:45,300.0,21.55,S
2021-06-23T11:19:44,5700.0,21.55,S
2021-06-23T11:19:40,100.0,21.6,S
2021-06-23T11:19:18,100.0,21.6,S
2021-06-23T11:19:06,1700.0,21.5,S
2021-06-23T11:18:59,7000.0,21.5,S
2021-06-23T11:18:26,100.0,21.6,S
2021-06-23T11:18:15,600.0,21.5,S
2021-06-23T11:18:05,1600.0,21.55,S
2021-06-23T11:17:52,6500.0,21.5,S
2021-06-23T11:17:43,2000.0,21.55,S
2021-06-23T11:17:25,1600.0,21.55,S
2021-06-23T11:17:25,400.0,21.55,S
2021-06-23T11:17:18,1000.0,21.55,S
2021-06-23T11:17:14,2000.0,21.55,S
2021-06-23T11:17:03,200.0,21.55,S
2021-06-23T11:16:52,900.0,21.55,S
2021-06-23T11:16:51,2100.0,21.5,S
2021-06-23T11:16:42,400.0,21.55,S
2021-06-23T11:16:39,100.0,21.6,S
2021-06-23T11:16:39,1000.0,21.55,S
2021-06-23T11:16:39,500.0,21.55,S
2021-06-23T11:16:39,8500.0,21.55,S
2021-06-23T11:16:36,200.0,21.55,S
2021-06-23T11:16:25,1000.0,21.55,S
2021-06-23T11:16:03,1500.0,21.55,S
2021-06-23T11:15:44,1000.0,21.55,S
2021-06-23T11:15:18,8900.0,21.55,S
2021-06-23T11:15:15,2000.0,21.55,S
2021-06-23T11:15:14,2100.0,21.55,S
2021-06-23T11:14:49,5000.0,21.55,S
2021-06-23T11:14:45,100.0,21.55,S
2021-06-23T11:14:40,1000.0,21.5,S
2021-06-23T11:14:11,100.0,21.55,S
2021-06-23T11:14:03,300.0,21.55,S
2021-06-23T11:13:59,500.0,21.55,S
2021-06-23T11:13:27,1000.0,21.55,S
2021-06-23T11:13:19,1000.0,21.65,S
2021-06-23T11:13:11,5000.0,21.55,S
2021-06-23T11:13:01,300.0,21.65,S
2021-06-23T11:13:01,2300.0,21.55,S
2021-06-23T11:13:01,1000.0,21.55,S
2021-06-23T11:12:59,1000.0,21.55,S
2021-06-23T11:12:59,400.0,21.55,S
2021-06-23T11:12:59,100.0,21.6,S
2021-06-23T11:12:59,200.0,21.6,S
2021-06-23T11:12:59,9600.0,21.6,S
2021-06-23T11:12:59,200.0,21.65,S
2021-06-23T11:12:40,200.0,21.65,S
2021-06-23T11:12:17,100.0,21.65,S
2021-06-23T11:12:02,500.0,21.65,S
2021-06-23T11:11:49,100.0,21.65,S
2021-06-23T11:11:39,100.0,21.65,S
2021-06-23T11:11:24,200.0,21.65,S
2021-06-23T11:11:18,500.0,21.6,S
2021-06-23T11:11:07,200.0,21.65,S
2021-06-23T11:11:03,500.0,21.65,S
2021-06-23T11:11:01,200.0,21.65,S
2021-06-23T11:11:01,1000.0,21.6,S
2021-06-23T11:11:00,200.0,21.65,S
2021-06-23T11:10:55,500.0,21.65,S
2021-06-23T11:10:47,500.0,21.6,S
2021-06-23T11:10:43,3900.0,21.6,S
2021-06-23T11:10:43,2000.0,21.6,S
2021-06-23T11:10:43,19100.0,21.6,S
2021-06-23T11:10:30,5000.0,21.7,B
2021-06-23T11:10:13,100.0,21.65,S
2021-06-23T11:10:12,4800.0,21.6,S
2021-06-23T11:10:12,25100.0,21.6,S
2021-06-23T11:10:12,10100.0,21.6,S
2021-06-23T11:10:10,800.0,21.65,S
2021-06-23T11:10:08,100.0,21.65,S
2021-06-23T11:10:03,100.0,21.65,S
2021-06-23T11:10:02,300.0,21.65,S
2021-06-23T11:09:55,12200.0,21.7,B
2021-06-23T11:09:55,2800.0,21.65,S
2021-06-23T11:09:44,100.0,21.65,S
2021-06-23T11:09:21,100.0,21.65,S
2021-06-23T11:09:17,17000.0,21.65,S
2021-06-23T11:09:09,5000.0,21.7,B
2021-06-23T11:09:06,500.0,21.65,S
2021-06-23T11:08:53,3600.0,21.7,B
2021-06-23T11:08:53,1000.0,21.7,B
2021-06-23T11:08:49,100.0,21.7,B
2021-06-23T11:08:20,100.0,21.7,B
2021-06-23T11:07:53,300.0,21.7,B
2021-06-23T11:07:48,500.0,21.7,B
2021-06-23T11:07:11,1000.0,21.7,S
2021-06-23T11:07:04,11000.0,21.7,S
2021-06-23T11:06:57,15000.0,21.7,S
2021-06-23T11:06:56,100.0,21.7,S
2021-06-23T11:06:55,100.0,21.7,S
2021-06-23T11:06:52,200.0,21.7,S
2021-06-23T11:06:50,100.0,21.7,S
2021-06-23T11:06:45,15000.0,21.7,S
2021-06-23T11:06:45,3300.0,21.7,S
2021-06-23T11:06:42,700.0,21.7,S
2021-06-23T11:06:29,600.0,21.7,S
2021-06-23T11:06:29,5700.0,21.7,S
2021-06-23T11:06:28,4300.0,21.7,S
2021-06-23T11:06:27,3000.0,21.7,S
2021-06-23T11:06:27,1000.0,21.7,S
2021-06-23T11:06:10,5000.0,21.7,S
2021-06-23T11:06:05,5000.0,21.7,S
2021-06-23T11:05:44,400.0,21.7,S
2021-06-23T11:05:43,4900.0,21.7,S
2021-06-23T11:05:43,100.0,21.7,S
2021-06-23T11:05:43,5000.0,21.7,S
2021-06-23T11:05:42,100.0,21.7,S
2021-06-23T11:05:42,1900.0,21.7,S
2021-06-23T11:05:39,100.0,21.75,B
2021-06-23T11:05:37,100.0,21.75,B
2021-06-23T11:05:07,2800.0,21.75,S
2021-06-23T11:05:03,2200.0,21.75,S
2021-06-23T11:05:03,9700.0,21.75,S
2021-06-23T11:04:59,3000.0,21.75,S
2021-06-23T11:04:45,400.0,21.75,S
2021-06-23T11:04:35,2000.0,21.75,S
2021-06-23T11:04:08,15000.0,21.75,S
2021-06-23T11:03:35,100.0,21.8,B
2021-06-23T11:03:31,1000.0,21.75,S
2021-06-23T11:02:47,100.0,21.8,B
2021-06-23T11:02:29,1000.0,21.75,S
2021-06-23T11:01:55,300.0,21.75,S
2021-06-23T11:01:47,100.0,21.8,B
2021-06-23T11:01:05,1000.0,21.8,B
2021-06-23T11:00:41,500.0,21.8,B
2021-06-23T11:00:31,2800.0,21.8,B
2021-06-23T10:59:59,100.0,21.8,B
2021-06-23T10:59:46,1000.0,21.8,B
2021-06-23T10:59:27,9900.0,21.8,B
2021-06-23T10:59:27,100.0,21.8,B
2021-06-23T10:59:04,300.0,21.8,B
2021-06-23T10:58:58,100.0,21.8,B
2021-06-23T10:58:45,100.0,21.8,B
2021-06-23T10:58:19,1000.0,21.8,B
2021-06-23T10:57:57,500.0,21.8,B
2021-06-23T10:57:49,5000.0,21.75,S
2021-06-23T10:57:44,1000.0,21.8,B
2021-06-23T10:57:35,200.0,21.8,B
2021-06-23T10:57:05,1000.0,21.8,B
2021-06-23T10:57:02,10000.0,21.8,B
2021-06-23T10:56:54,200.0,21.8,S
2021-06-23T10:56:40,100.0,21.8,S
2021-06-23T10:56:38,5400.0,21.8,S
2021-06-23T10:56:29,5000.0,21.8,S
2021-06-23T10:56:25,3400.0,21.8,S
2021-06-23T10:56:25,100.0,21.8,S
2021-06-23T10:56:25,1500.0,21.8,S
2021-06-23T10:56:16,1000.0,21.85,B
2021-06-23T10:55:35,3000.0,21.8,S
2021-06-23T10:55:35,300.0,21.8,S
2021-06-23T10:55:35,1700.0,21.8,S
2021-06-23T10:55:35,1200.0,21.8,S
2021-06-23T10:55:35,1500.0,21.8,S
2021-06-23T10:55:35,2700.0,21.8,S
2021-06-23T10:55:35,2100.0,21.8,S
2021-06-23T10:55:35,2100.0,21.8,S
2021-06-23T10:55:35,400.0,21.8,S
2021-06-23T10:55:35,500.0,21.8,S
2021-06-23T10:55:35,1100.0,21.8,S
2021-06-23T10:55:35,1100.0,21.8,S
2021-06-23T10:55:35,2100.0,21.8,S
2021-06-23T10:55:35,400.0,21.8,S
2021-06-23T10:55:35,100.0,21.8,S
2021-06-23T10:55:35,1700.0,21.8,S
2021-06-23T10:55:35,1100.0,21.8,S
2021-06-23T10:55:35,1200.0,21.8,S
2021-06-23T10:55:35,600.0,21.8,S
2021-06-23T10:55:35,100.0,21.8,S
2021-06-23T10:55:35,1300.0,21.8,S
2021-06-23T10:55:35,1100.0,21.8,S
2021-06-23T10:55:35,5500.0,21.8,S
2021-06-23T10:55:35,7100.0,21.8,S
2021-06-23T10:55:28,1300.0,21.85,B
2021-06-23T10:55:03,10000.0,21.85,S
2021-06-23T10:54:54,3400.0,21.85,S
2021-06-23T10:54:53,500.0,21.85,S
2021-06-23T10:54:47,20000.0,21.85,S
2021-06-23T10:54:17,400.0,21.85,S
2021-06-23T10:54:17,6600.0,21.85,S
2021-06-23T10:54:17,4100.0,21.85,S
2021-06-23T10:54:17,8900.0,21.85,S
2021-06-23T10:54:13,800.0,21.85,S
2021-06-23T10:53:40,100.0,21.85,S
2021-06-23T10:53:20,1400.0,21.85,S
2021-06-23T10:53:20,700.0,21.85,S
2021-06-23T10:53:20,1400.0,21.85,S
2021-06-23T10:53:20,500.0,21.85,S
2021-06-23T10:52:23,500.0,21.9,B
2021-06-23T10:51:47,8900.0,21.9,S
2021-06-23T10:51:00,400.0,21.9,S
2021-06-23T10:50:51,1500.0,21.9,S
2021-06-23T10:50:51,900.0,21.9,S
2021-06-23T10:50:51,1600.0,21.9,S
2021-06-23T10:50:40,1700.0,21.9,S
2021-06-23T10:50:40,700.0,21.9,S
2021-06-23T10:50:40,200.0,21.9,S
2021-06-23T10:50:40,1500.0,21.9,S
2021-06-23T10:50:40,400.0,21.9,S
2021-06-23T10:50:02,5000.0,21.9,S
2021-06-23T10:49:39,2000.0,21.9,S
2021-06-23T10:49:16,600.0,21.9,S
2021-06-23T10:48:59,1000.0,21.9,S
2021-06-23T10:48:53,4500.0,21.9,S
2021-06-23T10:47:58,1800.0,21.9,S
2021-06-23T10:47:58,500.0,21.9,S
2021-06-23T10:47:55,200.0,21.9,S
2021-06-23T10:47:52,1700.0,21.9,S
2021-06-23T10:47:52,2200.0,21.9,S
2021-06-23T10:47:52,200.0,21.9,S
2021-06-23T10:47:52,4200.0,21.9,S
2021-06-23T10:47:52,500.0,21.9,S
2021-06-23T10:47:52,1000.0,21.9,S
2021-06-23T10:47:52,10200.0,21.9,S
2021-06-23T10:47:02,100.0,21.95,S
2021-06-23T10:46:50,2000.0,21.95,S
2021-06-23T10:46:50,500.0,21.95,S
2021-06-23T10:46:50,10200.0,21.95,S
2021-06-23T10:46:50,5300.0,21.95,S
2021-06-23T10:46:46,300.0,21.95,S
2021-06-23T10:46:40,800.0,21.95,S
2021-06-23T10:46:12,3000.0,21.95,S
2021-06-23T10:43:46,2000.0,21.95,S
2021-06-23T10:43:34,18700.0,21.95,S
2021-06-23T10:43:34,700.0,21.95,S
2021-06-23T10:43:34,600.0,21.95,S
2021-06-23T10:43:02,6000.0,22.0,B
2021-06-23T10:42:53,10000.0,21.95,S
2021-06-23T10:41:59,500.0,21.95,S
2021-06-23T10:41:44,5000.0,21.95,S
2021-06-23T10:41:32,300.0,21.95,S
2021-06-23T10:41:13,400.0,21.95,S
2021-06-23T10:40:59,400.0,22.0,B
2021-06-23T10:40:17,1000.0,22.0,B
2021-06-23T10:40:07,3800.0,21.95,S
2021-06-23T10:39:56,900.0,21.95,S
2021-06-23T10:39:50,2600.0,21.95,S
2021-06-23T10:39:41,1000.0,21.95,S
2021-06-23T10:39:23,1200.0,22.0,B
2021-06-23T10:39:22,400.0,22.0,B
2021-06-23T10:39:17,4000.0,21.95,S
2021-06-23T10:39:08,1000.0,21.95,S
2021-06-23T10:38:47,800.0,21.95,S
2021-06-23T10:38:47,1600.0,21.95,S
2021-06-23T10:38:32,2000.0,22.0,B
2021-06-23T10:37:15,2100.0,22.0,S
2021-06-23T10:36:47,7900.0,22.0,B
2021-06-23T10:35:47,100.0,22.0,B
2021-06-23T10:35:45,9900.0,22.0,B
2021-06-23T10:35:10,100.0,22.0,B
2021-06-23T10:34:40,700.0,22.0,S
2021-06-23T10:34:32,4300.0,22.0,S
2021-06-23T10:34:25,2000.0,22.0,S
2021-06-23T10:33:46,10000.0,22.0,S
2021-06-23T10:33:37,3000.0,22.0,S
2021-06-23T10:33:37,2000.0,22.0,S
2021-06-23T10:33:26,500.0,22.0,S
2021-06-23T10:33:08,7700.0,22.0,S
2021-06-23T10:33:08,1300.0,22.0,S
2021-06-23T10:32:38,400.0,22.0,S
2021-06-23T10:32:21,1000.0,22.0,S
2021-06-23T10:32:19,600.0,22.0,S
2021-06-23T10:31:58,100.0,22.0,S
2021-06-23T10:31:48,1600.0,22.0,B
2021-06-23T10:31:32,100.0,22.0,B
2021-06-23T10:31:25,200.0,22.0,B
2021-06-23T10:31:17,300.0,22.0,B
2021-06-23T10:31:11,2000.0,22.0,B
2021-06-23T10:30:56,300.0,22.0,B
2021-06-23T10:30:52,900.0,22.0,B
2021-06-23T10:30:51,1300.0,22.0,B
2021-06-23T10:30:43,5000.0,22.0,B
2021-06-23T10:30:29,500.0,22.0,B
2021-06-23T10:30:29,5000.0,22.0,B
2021-06-23T10:30:24,400.0,21.95,S
2021-06-23T10:30:24,1100.0,21.95,S
2021-06-23T10:30:24,2300.0,21.95,S
2021-06-23T10:30:24,2200.0,21.95,S
2021-06-23T10:30:24,10000.0,21.95,S
2021-06-23T10:30:24,10000.0,21.95,S
2021-06-23T10:30:20,4900.0,22.0,S
2021-06-23T10:30:14,2000.0,22.0,S
2021-06-23T10:30:09,200.0,22.0,S
2021-06-23T10:29:56,200.0,22.0,S
2021-06-23T10:29:45,200.0,22.0,S
2021-06-23T10:29:29,3600.0,22.0,B
2021-06-23T10:29:08,3000.0,22.0,B
2021-06-23T10:28:37,500.0,22.0,B
2021-06-23T10:28:37,4000.0,22.0,B
2021-06-23T10:28:20,200.0,22.0,B
2021-06-23T10:28:14,100.0,22.0,B
2021-06-23T10:28:09,800.0,22.0,B
2021-06-23T10:27:24,200.0,22.0,B
2021-06-23T10:26:51,500.0,22.0,B
2021-06-23T10:26:10,10000.0,22.0,B
2021-06-23T10:25:56,400.0,22.0,S
2021-06-23T10:25:56,5000.0,22.0,S
2021-06-23T10:25:56,5000.0,22.0,S
2021-06-23T10:25:55,5000.0,22.0,S
2021-06-23T10:25:54,10000.0,22.0,S
2021-06-23T10:25:13,500.0,22.0,S
2021-06-23T10:25:08,100.0,22.05,B
2021-06-23T10:25:06,1200.0,22.05,S
2021-06-23T10:25:05,3200.0,22.05,S
2021-06-23T10:25:05,1800.0,22.05,S
2021-06-23T10:24:27,500.0,22.05,S
2021-06-23T10:23:52,200.0,22.05,S
2021-06-23T10:23:14,1500.0,22.05,S
2021-06-23T10:23:11,500.0,22.05,S
2021-06-23T10:22:55,800.0,22.05,S
2021-06-23T10:22:43,100.0,22.1,B
2021-06-23T10:22:39,200.0,22.1,B
2021-06-23T10:22:16,500.0,22.05,S
2021-06-23T10:21:50,2900.0,22.05,S
2021-06-23T10:21:35,900.0,22.1,B
2021-06-23T10:21:29,200.0,22.1,B
2021-06-23T10:21:08,100.0,22.1,B
2021-06-23T10:20:48,3000.0,22.1,B
2021-06-23T10:20:44,100.0,22.05,S
2021-06-23T10:20:44,9900.0,22.05,S
2021-06-23T10:20:32,300.0,22.1,B
2021-06-23T10:20:19,100.0,22.1,B
2021-06-23T10:20:06,5000.0,22.05,S
2021-06-23T10:19:15,500.0,22.05,S
2021-06-23T10:18:40,2800.0,22.05,B
2021-06-23T10:18:25,500.0,22.05,B
2021-06-23T10:18:20,3900.0,22.0,S
2021-06-23T10:17:57,1000.0,22.0,B
2021-06-23T10:17:57,2000.0,22.0,B
2021-06-23T10:17:57,1800.0,22.0,B
2021-06-23T10:17:57,1900.0,22.0,B
2021-06-23T10:17:57,400.0,22.0,B
2021-06-23T10:17:32,600.0,22.0,B
2021-06-23T10:17:32,15900.0,22.0,B
2021-06-23T10:17:32,1200.0,22.0,B
2021-06-23T10:17:32,2300.0,22.0,B
2021-06-23T10:17:16,10000.0,22.0,B
2021-06-23T10:16:45,500.0,21.95,S
2021-06-23T10:16:30,1000.0,21.95,S
2021-06-23T10:15:58,1000.0,21.95,B
2021-06-23T10:15:50,3400.0,21.95,B
2021-06-23T10:15:50,300.0,21.95,B
2021-06-23T10:15:50,2900.0,21.95,B
2021-06-23T10:15:37,5000.0,21.9,S
2021-06-23T10:15:24,5000.0,21.95,B
2021-06-23T10:15:12,100.0,21.9,S
2021-06-23T10:15:02,5000.0,21.95,B
2021-06-23T10:14:45,100.0,21.95,B
2021-06-23T10:13:59,2000.0,21.95,B
2021-06-23T10:13:52,1700.0,21.95,B
2021-06-23T10:13:38,200.0,21.9,S
2021-06-23T10:13:13,500.0,21.95,B
2021-06-23T10:13:10,1000.0,21.95,B
2021-06-23T10:13:07,2100.0,21.95,B
2021-06-23T10:13:04,500.0,21.9,S
2021-06-23T10:13:00,5000.0,21.9,S
2021-06-23T10:12:58,1000.0,21.95,B
2021-06-23T10:11:56,100.0,21.95,B
2021-06-23T10:11:10,200.0,21.95,B
2021-06-23T10:10:45,9900.0,21.95,S
2021-06-23T10:10:45,1500.0,21.95,S
2021-06-23T10:10:05,500.0,21.95,S
2021-06-23T10:09:48,500.0,21.95,B
2021-06-23T10:09:44,500.0,21.95,B
2021-06-23T10:09:35,100.0,21.95,B
2021-06-23T10:09:28,1400.0,21.95,S
2021-06-23T10:09:24,5100.0,21.95,S
2021-06-23T10:09:19,14900.0,21.95,S
2021-06-23T10:08:32,1000.0,21.95,B
2021-06-23T10:08:04,4200.0,21.9,S
2021-06-23T10:08:04,800.0,21.9,S
2021-06-23T10:07:36,2000.0,21.95,B
2021-06-23T10:07:26,2000.0,21.95,B
2021-06-23T10:07:16,5000.0,21.95,B
2021-06-23T10:07:08,5000.0,21.95,B
2021-06-23T10:06:54,5000.0,21.95,B
2021-06-23T10:06:42,200.0,21.95,B
2021-06-23T10:06:38,500.0,21.9,S
2021-06-23T10:05:43,600.0,21.95,B
2021-06-23T10:05:18,1100.0,21.95,B
2021-06-23T10:05:13,1000.0,21.95,B
2021-06-23T10:05:10,100.0,21.95,B
2021-06-23T10:05:08,1300.0,21.95,B
2021-06-23T10:05:00,1000.0,21.95,B
2021-06-23T10:04:43,3000.0,21.95,B
2021-06-23T10:04:02,2000.0,21.95,B
2021-06-23T10:03:50,1000.0,21.95,B
2021-06-23T10:03:15,1800.0,21.95,S
2021-06-23T10:03:08,100.0,21.95,S
2021-06-23T10:03:01,10000.0,21.95,S
2021-06-23T10:02:57,200.0,22.0,B
2021-06-23T10:02:45,1000.0,21.95,S
2021-06-23T10:01:53,100.0,21.95,B
2021-06-23T10:01:48,100.0,21.95,B
2021-06-23T10:01:48,3300.0,21.95,B
2021-06-23T10:01:48,1600.0,21.95,B
2021-06-23T10:01:19,100.0,21.9,S
2021-06-23T10:01:14,3600.0,21.9,S
2021-06-23T10:01:06,6400.0,21.9,S
2021-06-23T10:00:41,600.0,21.9,B
2021-06-23T10:00:25,900.0,21.9,B
2021-06-23T10:00:25,27100.0,21.9,B
2021-06-23T09:59:38,100.0,21.85,S
2021-06-23T09:59:28,700.0,21.85,S
2021-06-23T09:58:18,3400.0,21.85,S
2021-06-23T09:58:15,200.0,21.9,B
2021-06-23T09:57:56,100.0,21.85,S
2021-06-23T09:57:44,1000.0,21.9,B
2021-06-23T09:57:41,3000.0,21.85,S
2021-06-23T09:57:33,1000.0,21.85,S
2021-06-23T09:56:41,4600.0,21.85,S
2021-06-23T09:56:37,200.0,21.85,S
2021-06-23T09:56:36,5000.0,21.85,S
2021-06-23T09:55:53,300.0,21.85,S
2021-06-23T09:55:45,100.0,21.85,S
2021-06-23T09:55:42,7000.0,21.85,S
2021-06-23T09:55:34,100.0,21.9,B
2021-06-23T09:54:54,3100.0,21.85,B
2021-06-23T09:54:50,2000.0,21.8,S
2021-06-23T09:54:31,5000.0,21.85,B
2021-06-23T09:54:22,1500.0,21.85,S
2021-06-23T09:54:22,3300.0,21.85,S
2021-06-23T09:54:15,400.0,21.85,S
2021-06-23T09:54:08,1000.0,21.85,S
2021-06-23T09:54:00,1000.0,21.85,S
2021-06-23T09:53:52,5000.0,21.85,S
2021-06-23T09:53:47,5000.0,21.85,S
2021-06-23T09:53:40,400.0,21.85,S
2021-06-23T09:53:37,1000.0,21.85,S
2021-06-23T09:53:07,100.0,21.85,S
2021-06-23T09:53:04,500.0,21.85,S
2021-06-23T09:52:53,500.0,21.9,B
2021-06-23T09:52:46,1000.0,21.85,B
2021-06-23T09:52:38,4300.0,21.85,S
2021-06-23T09:52:35,1600.0,21.85,S
2021-06-23T09:52:34,200.0,21.85,S
2021-06-23T09:52:10,200.0,21.85,S
2021-06-23T09:51:54,2000.0,21.9,B
2021-06-23T09:51:42,500.0,21.85,B
2021-06-23T09:51:33,2100.0,21.85,S
2021-06-23T09:51:33,6300.0,21.85,S
2021-06-23T09:51:33,800.0,21.85,S
2021-06-23T09:51:32,12100.0,21.85,S
2021-06-23T09:50:47,1000.0,21.9,B
2021-06-23T09:50:33,2000.0,21.85,S
2021-06-23T09:50:04,100.0,21.9,B
2021-06-23T09:49:56,1000.0,21.85,S
2021-06-23T09:49:42,500.0,21.9,B
2021-06-23T09:49:28,1500.0,21.9,S
2021-06-23T09:49:18,3100.0,21.9,S
2021-06-23T09:49:18,300.0,21.9,S
2021-06-23T09:49:18,100.0,21.9,S
2021-06-23T09:49:18,100.0,21.9,S
2021-06-23T09:49:18,1000.0,21.9,S
2021-06-23T09:49:18,2000.0,21.9,S
2021-06-23T09:49:18,700.0,21.9,S
2021-06-23T09:49:18,1400.0,21.9,S
2021-06-23T09:49:18,500.0,21.9,S
2021-06-23T09:49:17,1100.0,21.9,S
2021-06-23T09:49:17,6100.0,21.9,S
2021-06-23T09:49:17,600.0,21.9,S
2021-06-23T09:49:17,1000.0,21.9,S
2021-06-23T09:49:17,900.0,21.9,S
2021-06-23T09:49:17,800.0,21.9,S
2021-06-23T09:49:17,1600.0,21.9,S
2021-06-23T09:49:17,4100.0,21.9,S
2021-06-23T09:49:17,200.0,21.9,S
2021-06-23T09:49:17,11600.0,21.9,S
2021-06-23T09:49:17,1200.0,21.9,S
2021-06-23T09:49:17,2800.0,21.9,S
2021-06-23T09:49:17,100.0,21.9,S
2021-06-23T09:49:17,11000.0,21.9,S
2021-06-23T09:48:57,5800.0,21.9,S
2021-06-23T09:48:21,1000.0,21.9,S
2021-06-23T09:48:13,100.0,21.95,B
2021-06-23T09:48:10,200.0,21.9,S
2021-06-23T09:48:07,100.0,21.95,B
2021-06-23T09:48:03,200.0,21.9,S
2021-06-23T09:47:00,1500.0,21.95,B
2021-06-23T09:46:47,600.0,21.9,S
2021-06-23T09:46:42,1500.0,21.95,B
2021-06-23T09:46:35,200.0,21.95,B
2021-06-23T09:46:31,100.0,21.9,S
2021-06-23T09:46:25,100.0,21.95,B
2021-06-23T09:46:23,400.0,21.95,B
2021-06-23T09:45:16,300.0,21.95,S
2021-06-23T09:45:07,100.0,21.95,S
2021-06-23T09:45:05,200.0,21.95,S
2021-06-23T09:45:05,300.0,21.95,S
2021-06-23T09:44:59,100.0,22.0,B
2021-06-23T09:44:16,2000.0,21.95,B
2021-06-23T09:44:09,100.0,22.0,B
2021-06-23T09:44:09,100.0,21.95,B
2021-06-23T09:44:03,300.0,21.95,B
2021-06-23T09:43:57,500.0,21.95,S
2021-06-23T09:43:32,1000.0,22.0,B
2021-06-23T09:43:30,200.0,21.9,S
2021-06-23T09:43:28,2900.0,21.9,S
2021-06-23T09:43:20,1800.0,21.95,S
2021-06-23T09:43:16,1000.0,21.95,B
2021-06-23T09:43:15,300.0,21.9,S
2021-06-23T09:42:58,100.0,21.9,S
2021-06-23T09:42:51,100.0,21.95,S
2021-06-23T09:42:42,100.0,21.95,S
2021-06-23T09:42:39,200.0,21.95,S
2021-06-23T09:42:33,100.0,21.95,S
2021-06-23T09:42:24,100.0,21.95,S
2021-06-23T09:42:15,100.0,21.95,S
2021-06-23T09:41:53,10000.0,22.0,B
2021-06-23T09:41:50,14800.0,21.9,S
2021-06-23T09:41:50,8900.0,21.95,S
2021-06-23T09:41:50,6100.0,21.95,S
2021-06-23T09:41:50,1500.0,21.95,S
2021-06-23T09:41:50,1100.0,21.95,S
2021-06-23T09:41:50,17600.0,21.95,S
2021-06-23T09:41:41,100.0,21.95,S
2021-06-23T09:41:37,1000.0,22.0,B
2021-06-23T09:41:31,200.0,21.95,S
2021-06-23T09:40:39,2500.0,22.0,B
2021-06-23T09:40:25,1000.0,21.95,S
2021-06-23T09:40:10,100.0,21.95,S
2021-06-23T09:40:06,200.0,22.0,B
2021-06-23T09:39:27,1000.0,21.95,S
2021-06-23T09:39:13,1000.0,22.0,B
2021-06-23T09:38:54,2500.0,22.0,B
2021-06-23T09:38:52,500.0,22.0,B
2021-06-23T09:38:34,300.0,22.0,B
2021-06-23T09:38:13,100.0,22.0,B
2021-06-23T09:38:03,100.0,22.0,S
2021-06-23T09:37:25,4400.0,22.0,S
2021-06-23T09:37:21,6300.0,22.0,S
2021-06-23T09:37:05,900.0,22.0,S
2021-06-23T09:37:01,500.0,22.1,B
2021-06-23T09:36:51,1000.0,22.0,S
2021-06-23T09:36:48,300.0,22.0,S
2021-06-23T09:36:39,200.0,22.0,S
2021-06-23T09:36:34,300.0,22.0,S
2021-06-23T09:36:31,200.0,22.0,S
2021-06-23T09:36:20,1400.0,22.0,B
2021-06-23T09:36:20,500.0,22.0,B
2021-06-23T09:36:15,500.0,21.95,S
2021-06-23T09:36:11,200.0,22.0,B
2021-06-23T09:35:46,2000.0,22.0,B
2021-06-23T09:35:40,1000.0,22.0,B
2021-06-23T09:35:28,15000.0,22.0,B
2021-06-23T09:35:23,1000.0,22.0,B
2021-06-23T09:35:16,100.0,21.95,S
2021-06-23T09:35:01,1000.0,22.0,B
2021-06-23T09:35:01,700.0,22.0,B
2021-06-23T09:34:59,2000.0,21.95,S
2021-06-23T09:34:28,200.0,21.95,S
2021-06-23T09:34:26,1000.0,22.0,B
2021-06-23T09:34:25,3000.0,22.0,B
2021-06-23T09:34:22,200.0,22.0,B
2021-06-23T09:34:13,1500.0,22.0,B
2021-06-23T09:33:49,5000.0,22.0,B
2021-06-23T09:33:28,2000.0,21.95,S
2021-06-23T09:33:04,10000.0,21.95,S
2021-06-23T09:33:02,1000.0,22.0,B
2021-06-23T09:32:37,2000.0,21.95,S
2021-06-23T09:32:35,5200.0,21.95,S
2021-06-23T09:32:32,3000.0,21.95,S
2021-06-23T09:32:27,300.0,21.95,S
2021-06-23T09:32:10,2500.0,21.95,S
2021-06-23T09:32:05,400.0,22.0,B
2021-06-23T09:32:05,100.0,22.0,B
2021-06-23T09:32:03,100.0,22.0,B
2021-06-23T09:31:56,2000.0,22.0,B
2021-06-23T09:31:51,200.0,22.0,B
2021-06-23T09:31:48,10000.0,22.0,B
2021-06-23T09:31:45,500.0,21.95,S
2021-06-23T09:31:45,100.0,21.95,S
2021-06-23T09:31:45,400.0,21.95,S
2021-06-23T09:31:17,3000.0,22.0,S
2021-06-23T09:31:08,1000.0,22.0,S
2021-06-23T09:31:08,2000.0,22.0,S
2021-06-23T09:30:55,10000.0,22.0,S
2021-06-23T09:30:46,600.0,22.0,S
2021-06-23T09:30:31,1000.0,22.0,S
2021-06-23T09:30:23,100.0,22.0,S
2021-06-23T09:30:15,300.0,22.0,S
2021-06-23T09:30:15,1800.0,22.0,S
2021-06-23T09:30:15,700.0,22.0,S
2021-06-23T09:30:15,1000.0,22.0,S
2021-06-23T09:30:15,5700.0,22.0,S
2021-06-23T09:30:15,10000.0,22.0,S
2021-06-23T09:30:15,1000.0,22.0,S
2021-06-23T09:30:15,600.0,22.0,S
2021-06-23T09:30:15,16500.0,22.0,S
2021-06-23T09:30:12,4900.0,22.0,S
2021-06-23T09:30:05,300.0,22.0,S
2021-06-23T09:30:00,700.0,22.0,S
2021-06-23T09:29:57,100.0,22.0,S
2021-06-23T09:29:40,4500.0,22.0,S
2021-06-23T09:29:33,500.0,22.0,S
2021-06-23T09:29:24,100.0,22.0,S
2021-06-23T09:29:23,100.0,22.0,S
2021-06-23T09:29:15,1000.0,22.0,S
2021-06-23T09:28:56,1000.0,22.0,S
2021-06-23T09:28:49,30000.0,22.0,S
2021-06-23T09:28:45,3000.0,22.0,S
2021-06-23T09:28:44,400.0,22.0,S
2021-06-23T09:28:44,2000.0,22.0,S
2021-06-23T09:27:38,2000.0,22.0,S
2021-06-23T09:27:35,10000.0,22.05,S
2021-06-23T09:27:10,100.0,22.1,B
2021-06-23T09:27:10,200.0,22.1,B
2021-06-23T09:27:10,1000.0,22.0,S
2021-06-23T09:26:44,5000.0,22.0,S
2021-06-23T09:26:43,800.0,22.1,B
2021-06-23T09:26:42,200.0,22.05,S
2021-06-23T09:26:19,100.0,22.0,S
2021-06-23T09:26:19,100.0,22.0,S
2021-06-23T09:26:19,4200.0,22.0,S
2021-06-23T09:26:19,200.0,22.05,S
2021-06-23T09:26:18,400.0,22.05,S
2021-06-23T09:26:08,1000.0,22.1,B
2021-06-23T09:26:04,2000.0,22.05,S
2021-06-23T09:25:17,1000.0,22.1,B
2021-06-23T09:24:59,5000.0,22.05,S
2021-06-23T09:24:52,1500.0,22.1,B
2021-06-23T09:24:36,5800.0,22.1,S
2021-06-23T09:24:35,4000.0,22.1,S
2021-06-23T09:24:17,1500.0,22.1,S
2021-06-23T09:24:14,5000.0,22.15,B
2021-06-23T09:24:00,400.0,22.1,S
2021-06-23T09:23:35,3500.0,22.1,S
2021-06-23T09:23:31,5000.0,22.1,S
2021-06-23T09:23:26,500.0,22.1,S
2021-06-23T09:23:24,500.0,22.1,S
2021-06-23T09:23:06,5000.0,22.1,S
2021-06-23T09:22:24,4000.0,22.1,S
2021-06-23T09:22:16,500.0,22.15,B
2021-06-23T09:22:16,1200.0,22.15,B
2021-06-23T09:21:51,2000.0,22.15,B
2021-06-23T09:21:34,1100.0,22.15,S
2021-06-23T09:21:34,16700.0,22.15,S
2021-06-23T09:21:27,1200.0,22.2,B
2021-06-23T09:21:21,900.0,22.2,B
2021-06-23T09:21:06,200.0,22.2,B
2021-06-23T09:21:05,200.0,22.15,S
2021-06-23T09:20:45,100.0,22.2,B
2021-06-23T09:20:37,700.0,22.2,B
2021-06-23T09:20:26,100.0,22.2,B
2021-06-23T09:20:19,1000.0,22.2,B
2021-06-23T09:20:19,400.0,22.2,B
2021-06-23T09:19:38,6800.0,22.2,B
2021-06-23T09:19:14,100.0,22.2,B
2021-06-23T09:19:12,7500.0,22.15,S
2021-06-23T09:19:01,100.0,22.2,B
2021-06-23T09:18:57,100.0,22.2,B
2021-06-23T09:18:36,100.0,22.2,B
2021-06-23T09:17:49,2900.0,22.2,S
2021-06-23T09:17:19,500.0,22.2,S
2021-06-23T09:16:38,2600.0,22.2,B
2021-06-23T09:16:37,100.0,22.2,B
2021-06-23T09:16:24,600.0,22.2,B
2021-06-23T09:15:58,400.0,22.1,S
2021-06-23T09:15:40,1400.0,22.1,B
2021-06-23T09:15:35,100.0,22.1,B
